3 0.5 0.50390625 0.9453125 0.984375
3 0.73828125 0.7515625 0.0625 0.05078125
3 0.61328125 0.8265625 0.0546875 0.04296875
3 0.8515625 0.678125 0.09375 0.10546875
3 0.765625 0.259375 0.0625 0.04296875
3 0.7796875 0.8109375 0.09765625 0.05859375
3 0.6265625 0.884375 0.16015625 0.09765625
3 0.7515625 0.0859375 0.05078125 0.046875
3 0.83984375 0.29296875 0.2265625 0.34375
3 0.83984375 0.078125 0.0625 0.0546875
3 0.7953125 0.178125 0.12890625 0.09765625
3 0.725 0.77734375 0.36328125 0.3203125
3 0.625 0.11875 0.0625 0.05859375
3 0.8578125 0.265625 0.05859375 0.0703125
3 0.75390625 0.48828125 0.4296875 0.9296875