3 0.49921875 0.5 0.9953125 1
3 0.725 0.7640625 0.065625 0.0546875
3 0.59609375 0.83203125 0.05625 0.0453125
3 0.84140625 0.69609375 0.0984375 0.1109375
3 0.778125 0.2734375 0.0640625 0.046875
3 0.76328125 0.825 0.1 0.0640625
3 0.60625 0.890625 0.165625 0.10625
3 0.77265625 0.1 0.053125 0.05
3 0.85 0.3109375 0.24375 0.3546875
3 0.86171875 0.096875 0.065625 0.0578125
3 0.81171875 0.19375 0.134375 0.1046875
3 0.71015625 0.7890625 0.3796875 0.3390625
3 0.64453125 0.12578125 0.065625 0.0625
3 0.86953125 0.284375 0.0625 0.0734375
3 0.75390625 0.5015625 0.478125 0.9515625