3 0.5078125 0.5078125 0.9453125 0.9765625
3 0.178125 0.48828125 0.11328125 0.1171875
3 0.4 0.74609375 0.08984375 0.078125
3 0.75 0.228125 0.09375 0.08984375
3 0.59765625 0.415625 0.109375 0.09765625
3 0.4453125 0.21875 0.09375 0.078125
3 0.834375 0.68359375 0.06640625 0.0625
3 0.484375 0.509375 0.0546875 0.05078125
3 0.8453125 0.290625 0.08984375 0.05859375
3 0.54296875 0.21484375 0.1015625 0.0703125
3 0.1390625 0.7109375 0.10546875 0.15625
3 0.0859375 0.5140625 0.09375 0.17578125
3 0.9296875 0.396875 0.09375 0.12890625