3 0.50078125 0.5 0.9984375 1
3 0.1796875 0.465625 0.121875 0.125
3 0.3828125 0.73828125 0.0953125 0.084375
3 0.76796875 0.24609375 0.1 0.096875
3 0.603125 0.42265625 0.115625 0.1046875
3 0.46484375 0.215625 0.0984375 0.084375
3 0.82109375 0.70625 0.0703125 0.0671875
3 0.48359375 0.50859375 0.0578125 0.0546875
3 0.859375 0.31484375 0.09375 0.0640625
3 0.5625 0.21875 0.10625 0.0765625
3 0.125 0.68515625 0.115625 0.1625
3 0.0859375 0.48515625 0.10625 0.18125
3 0.9359375 0.42734375 0.103125 0.134375