3 0.515625 0.5140625 0.890625 0.96484375
3 0.6890625 0.4546875 0.12890625 0.05859375
3 0.2953125 0.6109375 0.05859375 0.05078125
3 0.41015625 0.61875 0.078125 0.05078125
3 0.415625 0.6953125 0.05078125 0.0390625
3 0.775 0.5921875 0.05859375 0.05078125
3 0.453125 0.696875 0.140625 0.10546875
3 0.4859375 0.725 0.05078125 0.04296875
3 0.6625 0.78515625 0.11328125 0.0625
3 0.74609375 0.81640625 0.0625 0.046875
3 0.1484375 0.57421875 0.0703125 0.0546875
3 0.4625 0.66796875 0.05859375 0.046875
3 0.52734375 0.5859375 0.5703125 0.3515625