3 0.4984375 0.490625 0.91796875 0.98046875
3 0.74375 0.2328125 0.09765625 0.09765625
3 0.2359375 0.709375 0.08984375 0.06640625
3 0.56875 0.7875 0.07421875 0.05859375
3 0.525 0.4609375 0.08984375 0.0703125
3 0.3984375 0.5859375 0.15625 0.0546875
3 0.75625 0.01171875 0.09765625 0.0234375
3 0.7328125 0.08984375 0.05078125 0.046875
3 0.31640625 0.7828125 0.0390625 0.04296875
3 0.728125 0.01171875 0.05078125 0.0234375
3 0.72265625 0.37109375 0.109375 0.1015625
3 0.0921875 0.75390625 0.05078125 0.0625
3 0.1859375 0.50625 0.07421875 0.06640625
3 0.396875 0.515625 0.09765625 0.0625