3 0.4984375 0.49453125 0.934375 0.9890625
3 0.7484375 0.23671875 0.1 0.1
3 0.23203125 0.7046875 0.090625 0.0671875
3 0.5640625 0.78828125 0.075 0.059375
3 0.52578125 0.46171875 0.090625 0.071875
3 0.396875 0.584375 0.1578125 0.0578125
3 0.76484375 0.01640625 0.0984375 0.025
3 0.73984375 0.09375 0.0515625 0.0484375
3 0.31171875 0.7796875 0.0390625 0.04375
3 0.73671875 0.015625 0.0515625 0.025
3 0.725 0.375 0.1109375 0.103125
3 0.0875 0.746875 0.0515625 0.0640625
3 0.1859375 0.50078125 0.075 0.0671875
3 0.396875 0.5140625 0.0984375 0.0640625