3 0.4984375 0.509375 0.93359375 0.96484375
3 0.2734375 0.696875 0.09375 0.08203125
3 0.415625 0.446875 0.12109375 0.07421875
3 0.978125 0.5765625 0.03515625 0.06640625
3 0.65 0.2796875 0.09765625 0.07421875
3 0.7125 0.4515625 0.06640625 0.05859375
3 0.540625 0.8453125 0.08984375 0.05859375
3 0.4921875 0.2171875 0.0703125 0.08203125
3 0.2671875 0.734375 0.20703125 0.2421875
3 0.4203125 0.44140625 0.06640625 0.046875
3 0.71484375 0.44375 0.1015625 0.08984375
3 0.4625 0.4140625 0.22265625 0.1484375