3 0.49375 0.5171875 0.94140625 0.95703125
3 0.196875 0.6953125 0.05859375 0.0546875
3 0.2328125 0.55625 0.05078125 0.05078125
3 0.25390625 0.7328125 0.046875 0.04296875
3 0.67578125 0.25 0.109375 0.0703125
3 0.1421875 0.30859375 0.05078125 0.0703125
3 0.0546875 0.4671875 0.0546875 0.05078125
3 0.22265625 0.709375 0.1171875 0.08984375
3 0.0859375 0.353125 0.0546875 0.04296875
3 0.0609375 0.553125 0.03515625 0.04296875
3 0.6 0.5953125 0.05859375 0.08203125
3 0.33203125 0.69921875 0.0703125 0.046875
3 0.2671875 0.63125 0.20703125 0.25390625
3 0.2125 0.6078125 0.06640625 0.05078125
3 0.3375 0.5546875 0.05078125 0.0390625
3 0.6078125 0.7265625 0.05078125 0.078125
3 0.5953125 0.578125 0.04296875 0.046875
3 0.265625 0.53515625 0.0546875 0.046875
3 0.196875 0.525 0.34765625 0.48828125