3 0.5 0.5 1 1
3 0.23125 0.740625 0.0671875 0.0625
3 0.24453125 0.59765625 0.0578125 0.0578125
3 0.29296875 0.76875 0.053125 0.05
3 0.634375 0.22578125 0.11875 0.0859375
3 0.11640625 0.3671875 0.0609375 0.078125
3 0.0546875 0.5375 0.0625 0.059375
3 0.25859375 0.75 0.1296875 0.1078125
3 0.06796875 0.41953125 0.0609375 0.0515625
3 0.075 0.62109375 0.0421875 0.0484375
3 0.6140625 0.578125 0.0703125 0.090625
3 0.365625 0.72265625 0.0765625 0.0578125
3 0.290625 0.66640625 0.24375 0.2828125
3 0.2328125 0.6515625 0.0734375 0.0609375
3 0.3484375 0.5796875 0.05625 0.046875
3 0.6421875 0.70703125 0.0625 0.084375
3 0.60625 0.5625 0.05 0.053125
3 0.27421875 0.57109375 0.0609375 0.0546875
3 0.20703125 0.57109375 0.4140625 0.5359375