3 0.49375 0.5 0.91015625 0.9921875
3 0.296875 0.5171875 0.109375 0.09765625
3 0.6640625 0.6421875 0.0390625 0.03515625
3 0.36328125 0.428125 0.0390625 0.03515625
3 0.30859375 0.4671875 0.140625 0.20703125
3 0.39453125 0.571875 0.046875 0.03515625
3 0.4375 0.696875 0.0390625 0.03515625
3 0.5171875 0.490625 0.03515625 0.03515625
3 0.3453125 0.51171875 0.04296875 0.0390625
3 0.35 0.375 0.04296875 0.03125
3 0.353125 0.5546875 0.23046875 0.3984375
3 0.6640625 0.6421875 0.0546875 0.05078125
3 0.4625 0.553125 0.45703125 0.40234375
3 0.275 0.509375 0.06640625 0.06640625