3 0.49921875 0.5 0.9984375 1
3 0.3 0.53828125 0.11875 0.1078125
3 0.678125 0.62421875 0.0421875 0.0390625
3 0.35625 0.44296875 0.0421875 0.0390625
3 0.30625 0.4875 0.1609375 0.2203125
3 0.40234375 0.5828125 0.05 0.040625
3 0.45859375 0.70234375 0.0421875 0.0390625
3 0.51640625 0.4890625 0.0390625 0.0390625
3 0.34765625 0.528125 0.046875 0.04375
3 0.3375 0.39140625 0.0453125 0.0359375
3 0.359375 0.56953125 0.2703125 0.4203125
3 0.678125 0.62421875 0.059375 0.05625
3 0.46796875 0.55703125 0.496875 0.4484375
3 0.27734375 0.5328125 0.0734375 0.0734375