3 0.45546875 0.46171875 0.83125 0.9171875
3 0.759375 0.646875 0.0796875 0.10625
3 0.75078125 0.5453125 0.04375 0.04375
3 0.640625 0.271875 0.0484375 0.0484375
3 0.4953125 0.328125 0.0484375 0.05625
3 0.825 0.59140625 0.059375 0.0640625
3 0.57421875 0.8046875 0.059375 0.059375
3 0.61640625 0.334375 0.05625 0.0484375
3 0.7078125 0.921875 0.0484375 0.0484375
3 0.6203125 0.43046875 0.0515625 0.0671875
3 0.175 0.5296875 0.05625 0.071875
3 0.4765625 0.28046875 0.0484375 0.05625
3 0.29296875 0.50546875 0.0796875 0.059375