3 0.4546875 0.4625 0.81640625 0.90234375
3 0.76171875 0.6421875 0.078125 0.10546875
3 0.7515625 0.540625 0.04296875 0.04296875
3 0.63671875 0.26953125 0.046875 0.046875
3 0.4921875 0.328125 0.046875 0.0546875
3 0.8265625 0.5859375 0.05859375 0.0625
3 0.5796875 0.803125 0.05859375 0.05859375
3 0.61328125 0.33203125 0.0546875 0.046875
3 0.71484375 0.91796875 0.046875 0.046875
3 0.61875 0.428125 0.05078125 0.06640625
3 0.17578125 0.53515625 0.0546875 0.0703125
3 0.47265625 0.28125 0.046875 0.0546875
3 0.29296875 0.509375 0.078125 0.05859375