3 0.52265625 0.5015625 0.9546875 0.996875
3 0.60390625 0.29140625 0.10625 0.0484375
3 0.76171875 0.2609375 0.1046875 0.1421875
3 0.73828125 0.4765625 0.446875 0.578125
3 0.84609375 0.728125 0.0359375 0.0390625
3 0.8359375 0.1203125 0.0921875 0.1609375
3 0.4734375 0.42109375 0.0828125 0.04375
3 0.76796875 0.4171875 0.05625 0.0484375
3 0.46796875 0.8328125 0.0828125 0.05625
3 0.6328125 0.40390625 0.0515625 0.0484375
3 0.88359375 0.52265625 0.0953125 0.053125
3 0.9046875 0.65078125 0.05625 0.059375
3 0.890625 0.58671875 0.0984375 0.0640625
3 0.81171875 0.34453125 0.059375 0.04375
3 0.78359375 0.41875 0.0953125 0.0609375