3 0.5234375 0.50390625 0.9375 0.984375
3 0.6078125 0.29296875 0.10546875 0.046875
3 0.765625 0.265625 0.1015625 0.140625
3 0.73828125 0.48046875 0.4375 0.5703125
3 0.8421875 0.734375 0.03515625 0.0390625
3 0.8421875 0.1265625 0.08984375 0.16015625
3 0.475 0.4203125 0.08203125 0.04296875
3 0.76953125 0.421875 0.0546875 0.046875
3 0.4625 0.83203125 0.08203125 0.0546875
3 0.634375 0.40625 0.05078125 0.046875
3 0.8828125 0.5296875 0.09375 0.05078125
3 0.90234375 0.6578125 0.0546875 0.05859375
3 0.8890625 0.59375 0.09765625 0.0625
3 0.8140625 0.35 0.05859375 0.04296875
3 0.78515625 0.4234375 0.09375 0.05859375