3 0.484375 0.4984375 0.921875 0.95703125
3 0.63671875 0.4703125 0.09375 0.05078125
3 0.4609375 0.7828125 0.0703125 0.05859375
3 0.57421875 0.553125 0.0625 0.04296875
3 0.84375 0.4859375 0.0546875 0.04296875
3 0.53515625 0.6796875 0.0625 0.046875
3 0.37890625 0.55859375 0.0625 0.046875
3 0.7828125 0.44375 0.07421875 0.05859375
3 0.171875 0.396875 0.0625 0.04296875
3 0.3765625 0.75 0.08203125 0.0625
3 0.525 0.775 0.05078125 0.05078125
3 0.3890625 0.3453125 0.08984375 0.05859375
3 0.58203125 0.7171875 0.046875 0.04296875
3 0.3203125 0.5171875 0.0859375 0.05859375
3 0.59765625 0.640625 0.1171875 0.0546875
3 0.57421875 0.546875 0.0859375 0.0703125