3 0.5 0.5 1 1
3 0.63984375 0.4921875 0.1 0.0640625
3 0.4171875 0.7734375 0.078125 0.06875
3 0.56484375 0.5640625 0.06875 0.0515625
3 0.84140625 0.53984375 0.0609375 0.0515625
3 0.50625 0.6828125 0.06875 0.05625
3 0.37109375 0.5390625 0.06875 0.05625
3 0.78828125 0.4890625 0.0828125 0.06875
3 0.1921875 0.346875 0.06875 0.0515625
3 0.3390625 0.72734375 0.090625 0.075
3 0.48203125 0.77578125 0.0578125 0.0578125
3 0.41484375 0.3296875 0.0984375 0.071875
3 0.546875 0.72734375 0.053125 0.05
3 0.31953125 0.4890625 0.09375 0.071875
3 0.57421875 0.65390625 0.125 0.071875
3 0.565625 0.5578125 0.0953125 0.0828125