3 0.48828125 0.5 0.9765625 1
3 0.87578125 0.6734375 0.053125 0.0640625
3 0.3234375 0.67109375 0.05625 0.053125
3 0.22265625 0.43828125 0.0796875 0.05625
3 0.32890625 0.1734375 0.0578125 0.0640625
3 0.834375 0.41484375 0.1265625 0.1296875
3 0.41015625 0.8625 0.0671875 0.084375
3 0.371875 0.70859375 0.059375 0.053125
3 0.4953125 0.8890625 0.075 0.0546875
3 0.32890625 0.34375 0.0484375 0.0484375
3 0.5875 0.8140625 0.0515625 0.0515625
3 0.40625 0.84921875 0.04375 0.046875
3 0.55234375 0.06171875 0.171875 0.1203125
3 0.3203125 0.74375 0.084375 0.059375
3 0.78828125 0.31640625 0.05 0.0640625
3 0.8515625 0.67890625 0.103125 0.0921875
3 0.3421875 0.70859375 0.14375 0.146875