3 0.484375 0.4984375 0.875 0.96484375
3 0.89453125 0.6265625 0.046875 0.05859375
3 0.3453125 0.69140625 0.05078125 0.046875
3 0.2171875 0.47265625 0.07421875 0.046875
3 0.290625 0.196875 0.05078125 0.05859375
3 0.821875 0.375 0.11328125 0.1171875
3 0.4546875 0.87109375 0.05859375 0.078125
3 0.3984375 0.72265625 0.0546875 0.046875
3 0.54296875 0.88671875 0.0703125 0.046875
3 0.3109375 0.365625 0.04296875 0.04296875
3 0.625 0.80078125 0.046875 0.046875
3 0.44921875 0.8578125 0.0390625 0.04296875
3 0.4984375 0.05859375 0.16015625 0.1015625
3 0.3515625 0.7640625 0.078125 0.05078125
3 0.7640625 0.2828125 0.04296875 0.05859375
3 0.87109375 0.634375 0.09375 0.08203125
3 0.36875 0.7265625 0.12890625 0.1328125