3 0.7265625 0.6453125 0.0703125 0.0671875
3 0.45859375 0.45234375 0.6921875 0.4515625
3 0.74296875 0.38828125 0.0796875 0.0796875
3 0.63515625 0.41875 0.1125 0.09375
3 0.61484375 0.32421875 0.0703125 0.0640625
3 0.603125 0.50859375 0.1125 0.115625
3 0.2515625 0.49609375 0.078125 0.065625
3 0.7 0.8859375 0.0625 0.0671875
3 0.16953125 0.5265625 0.10625 0.121875
3 0.85859375 0.3234375 0.059375 0.0625
3 0.51796875 0.93359375 0.140625 0.0828125
3 0.4546875 0.42578125 0.1390625 0.096875
3 0.53515625 0.37890625 0.065625 0.078125
3 0.6109375 0.44765625 0.3640625 0.346875