3 0.74609375 0.6078125 0.0625 0.05859375
3 0.4515625 0.459375 0.64453125 0.35546875
3 0.72265625 0.3515625 0.0703125 0.0703125
3 0.62109375 0.3984375 0.1015625 0.078125
3 0.5859375 0.30859375 0.0625 0.0546875
3 0.603125 0.4921875 0.09765625 0.1015625
3 0.25390625 0.53515625 0.0703125 0.0546875
3 0.7578125 0.85 0.0546875 0.05859375
3 0.178125 0.578125 0.08984375 0.109375
3 0.8265625 0.26953125 0.05078125 0.0546875
3 0.5859375 0.92578125 0.1328125 0.0625
3 0.44375 0.43359375 0.12890625 0.078125
3 0.515625 0.375 0.0546875 0.0703125
3 0.6015625 0.43125 0.3203125 0.30078125