3 0.71875 0.678125 0.046875 0.03515625
3 0.509375 0.50625 0.89453125 0.98046875
3 0.42578125 0.1890625 0.109375 0.12109375
3 0.30078125 0.6078125 0.0390625 0.03515625
3 0.33203125 0.765625 0.0703125 0.0546875
3 0.91015625 0.665625 0.046875 0.05078125
3 0.30625 0.6890625 0.19140625 0.21484375
3 0.275 0.65 0.12109375 0.11328125
3 0.46484375 0.37890625 0.0390625 0.078125
3 0.3515625 0.71484375 0.046875 0.046875
3 0.34375 0.7421875 0.1015625 0.1015625
3 0.2421875 0.6546875 0.3203125 0.29296875
3 0.2953125 0.671875 0.08203125 0.0703125