3 0.6953125 0.703125 0.0515625 0.040625
3 0.50234375 0.5 0.9953125 1
3 0.4640625 0.18203125 0.1234375 0.1328125
3 0.2890625 0.5828125 0.04375 0.0390625
3 0.30078125 0.74296875 0.0765625 0.0625
3 0.88671875 0.7140625 0.053125 0.05625
3 0.284375 0.6640625 0.215625 0.2359375
3 0.25859375 0.62109375 0.134375 0.1265625
3 0.4796875 0.37578125 0.0484375 0.0828125
3 0.3265625 0.6953125 0.0515625 0.0515625
3 0.315625 0.72109375 0.1125 0.1125
3 0.225 0.621875 0.353125 0.3296875
3 0.27578125 0.6453125 0.090625 0.0796875