3 0.5 0.5 1 1
3 0.31640625 0.1109375 0.071875 0.071875
3 0.3171875 0.296875 0.0671875 0.0703125
3 0.2359375 0.36953125 0.096875 0.13125
3 0.303125 0.4171875 0.2796875 0.3453125
3 0.3390625 0.328125 0.1375 0.134375
3 0.56796875 0.36171875 0.10625 0.08125
3 0.31953125 0.5171875 0.1734375 0.14375
3 0.42265625 0.4390625 0.5515625 0.3921875
3 0.3421875 0.53828125 0.115625 0.09375
3 0.64609375 0.453125 0.0625 0.0671875
3 0.56015625 0.3921875 0.1203125 0.14375
3 0.55078125 0.42734375 0.0625 0.059375
3 0.28671875 0.48828125 0.090625 0.0703125
3 0.35625 0.35703125 0.0875 0.078125
3 0.5953125 0.40625 0.196875 0.178125
3 0.1078125 0.60390625 0.0859375 0.065625