3 0.5171875 0.4984375 0.94140625 0.99609375
3 0.2578125 0.14453125 0.0625 0.0625
3 0.2875 0.328125 0.05859375 0.0625
3 0.21875 0.4125 0.078125 0.12109375
3 0.29296875 0.44921875 0.234375 0.3125
3 0.3140625 0.35546875 0.12109375 0.1171875
3 0.5453125 0.353125 0.09765625 0.06640625
3 0.32421875 0.5453125 0.15625 0.12109375
3 0.4140625 0.4515625 0.5078125 0.31640625
3 0.35 0.5625 0.10546875 0.078125
3 0.63671875 0.43125 0.0546875 0.05859375
3 0.54296875 0.384375 0.1015625 0.12890625
3 0.5390625 0.4203125 0.0546875 0.05078125
3 0.2875 0.521875 0.08203125 0.05859375
3 0.3359375 0.38125 0.078125 0.06640625
3 0.5796875 0.3921875 0.17578125 0.15234375
3 0.12890625 0.6640625 0.078125 0.0546875