3 0.51328125 0.4921875 0.9265625 0.984375
3 0.75 0.740625 0.11875 0.084375
3 0.16640625 0.57421875 0.0640625 0.0515625
3 0.775 0.75078125 0.0515625 0.05625
3 0.5828125 0.221875 0.0640625 0.0515625
3 0.72265625 0.72890625 0.0484375 0.0515625
3 0.159375 0.7734375 0.0875 0.059375
3 0.10625 0.68984375 0.0640625 0.0515625
3 0.60625 0.321875 0.0515625 0.0484375
3 0.2921875 0.85390625 0.0515625 0.04375
3 0.13984375 0.65 0.059375 0.05625
3 0.5515625 0.76015625 0.059375 0.04375
3 0.5578125 0.55703125 0.046875 0.04375
3 0.18203125 0.72890625 0.0828125 0.0484375