3 0.5140625 0.490625 0.91015625 0.97265625
3 0.75390625 0.7359375 0.1171875 0.08203125
3 0.16796875 0.5796875 0.0625 0.05078125
3 0.7796875 0.74609375 0.05078125 0.0546875
3 0.578125 0.2203125 0.0625 0.05078125
3 0.7265625 0.725 0.046875 0.05078125
3 0.1640625 0.7796875 0.0859375 0.05859375
3 0.109375 0.696875 0.0625 0.05078125
3 0.603125 0.3203125 0.05078125 0.046875
3 0.2984375 0.8578125 0.05078125 0.04296875
3 0.1421875 0.65625 0.05859375 0.0546875
3 0.55625 0.759375 0.05859375 0.04296875
3 0.55859375 0.55625 0.046875 0.04296875
3 0.1859375 0.734375 0.08203125 0.046875