3 0.559375 0.51171875 0.74375 0.9765625
3 0.61796875 0.68984375 0.084375 0.0765625
3 0.25390625 0.34296875 0.04375 0.04375
3 0.60703125 0.60390625 0.084375 0.0609375
3 0.27890625 0.48828125 0.053125 0.0484375
3 0.8328125 0.59375 0.1 0.0578125
3 0.68984375 0.3953125 0.1078125 0.08125
3 0.6515625 0.54765625 0.0515625 0.0453125
3 0.23125 0.45078125 0.053125 0.0640625
3 0.5203125 0.753125 0.071875 0.065625
3 0.55546875 0.5609375 0.06875 0.05625
3 0.5015625 0.775 0.1375 0.1484375
3 0.61640625 0.69296875 0.1203125 0.1171875