3 0.55859375 0.515625 0.7109375 0.953125
3 0.6109375 0.69375 0.08203125 0.07421875
3 0.259375 0.334375 0.04296875 0.04296875
3 0.603125 0.6078125 0.08203125 0.05859375
3 0.2796875 0.48046875 0.05078125 0.046875
3 0.8296875 0.60546875 0.09765625 0.0546875
3 0.69375 0.40234375 0.10546875 0.078125
3 0.65 0.553125 0.05078125 0.04296875
3 0.2328125 0.44140625 0.05078125 0.0625
3 0.51171875 0.75390625 0.0703125 0.0625
3 0.553125 0.5625 0.06640625 0.0546875
3 0.4921875 0.775 0.1328125 0.14453125
3 0.609375 0.696875 0.1171875 0.11328125