3 0.909375 0.45625 0.084375 0.0703125
3 0.50078125 0.5 0.9984375 1
3 0.41640625 0.30859375 0.13125 0.109375
3 0.86875 0.33828125 0.0625 0.053125
3 0.26953125 0.43828125 0.434375 0.434375
3 0.17421875 0.4640625 0.109375 0.0921875
3 0.96875 0.39375 0.05625 0.05625
3 0.8328125 0.409375 0.046875 0.04375
3 0.89140625 0.4828125 0.2171875 0.3625
3 0.5234375 0.47578125 0.953125 0.5484375
3 0.87890625 0.6171875 0.071875 0.065625
3 0.21171875 0.42109375 0.078125 0.05
3 0.64375 0.19453125 0.0390625 0.0390625
3 0.47890625 0.5171875 0.059375 0.0515625
3 0.8078125 0.69765625 0.046875 0.04375
3 0.92734375 0.54375 0.090625 0.059375
3 0.86875 0.33828125 0.1046875 0.0875