3 0.90234375 0.4140625 0.078125 0.0625
3 0.5234375 0.4984375 0.9453125 0.99609375
3 0.396875 0.31875 0.12109375 0.09765625
3 0.85 0.30078125 0.05859375 0.046875
3 0.2640625 0.4625 0.39453125 0.39453125
3 0.171875 0.4984375 0.1015625 0.08203125
3 0.9546875 0.3453125 0.05078125 0.05078125
3 0.821875 0.375 0.04296875 0.0390625
3 0.896875 0.44140625 0.19921875 0.34375
3 0.53125 0.47265625 0.9296875 0.453125
3 0.8890625 0.5765625 0.06640625 0.05859375
3 0.2046875 0.4515625 0.07421875 0.04296875
3 0.6109375 0.18125 0.03515625 0.03515625
3 0.48046875 0.51953125 0.0546875 0.046875
3 0.8265625 0.6640625 0.04296875 0.0390625
3 0.9296875 0.4984375 0.0859375 0.05078125
3 0.85 0.30078125 0.09765625 0.078125