3 0.49609375 0.5 0.9578125 1
3 0.58125 0.37265625 0.1 0.1
3 0.675 0.228125 0.0875 0.0875
3 0.73671875 0.80859375 0.090625 0.06875
3 0.30078125 0.925 0.06875 0.0515625
3 0.64140625 0.621875 0.1140625 0.08125
3 0.88046875 0.621875 0.06875 0.0984375
3 0.65703125 0.45390625 0.059375 0.065625
3 0.8265625 0.66875 0.0546875 0.05
3 0.17734375 0.796875 0.0703125 0.059375
3 0.62890625 0.79453125 0.0859375 0.05625
3 0.18671875 0.70078125 0.0609375 0.046875
3 0.21484375 0.653125 0.0625 0.0515625
3 0.3734375 0.36796875 0.0890625 0.053125
3 0.378125 0.83125 0.065625 0.0546875
3 0.57578125 0.6890625 0.090625 0.071875
3 0.4578125 0.36171875 0.08125 0.0984375
3 0.753125 0.734375 0.1171875 0.0734375
3 0.63359375 0.61953125 0.0734375 0.059375