3 0.49609375 0.5 0.890625 0.9921875
3 0.58984375 0.37890625 0.09375 0.09375
3 0.69375 0.240625 0.08203125 0.08203125
3 0.71484375 0.82421875 0.0859375 0.0625
3 0.271875 0.91015625 0.06640625 0.046875
3 0.6328125 0.63125 0.109375 0.07421875
3 0.87109375 0.6484375 0.0625 0.09375
3 0.66015625 0.46484375 0.0546875 0.0625
3 0.8140625 0.69140625 0.05078125 0.046875
3 0.1578125 0.7734375 0.06640625 0.0546875
3 0.6078125 0.803125 0.08203125 0.05078125
3 0.1734375 0.678125 0.05859375 0.04296875
3 0.2046875 0.6328125 0.05859375 0.046875
3 0.3828125 0.359375 0.0859375 0.046875
3 0.35546875 0.821875 0.0625 0.05078125
3 0.5625 0.69375 0.0859375 0.06640625
3 0.4671875 0.359375 0.07421875 0.09375
3 0.7359375 0.7515625 0.11328125 0.06640625
3 0.625 0.62890625 0.0703125 0.0546875