3 0.4625 0.5171875 0.78515625 0.93359375
3 0.6484375 0.546875 0.0703125 0.0625
3 0.38671875 0.84765625 0.046875 0.046875
3 0.5234375 0.525 0.0625 0.05859375
3 0.140625 0.6484375 0.046875 0.0625
3 0.44921875 0.0703125 0.078125 0.046875
3 0.64453125 0.3765625 0.0859375 0.06640625
3 0.303125 0.484375 0.06640625 0.0546875
3 0.37890625 0.7953125 0.0703125 0.05078125
3 0.7515625 0.321875 0.05078125 0.05078125
3 0.7875 0.4390625 0.06640625 0.07421875
3 0.38125 0.821875 0.08203125 0.10546875
3 0.5140625 0.375 0.08203125 0.0546875