3 0.46328125 0.51328125 0.8484375 0.9734375
3 0.6515625 0.53671875 0.075 0.0671875
3 0.4109375 0.8546875 0.05 0.05
3 0.525 0.5234375 0.0671875 0.0625
3 0.1515625 0.6734375 0.0515625 0.065625
3 0.41953125 0.075 0.08125 0.0515625
3 0.6359375 0.36640625 0.090625 0.071875
3 0.30234375 0.4984375 0.0703125 0.059375
3 0.4 0.803125 0.0734375 0.05625
3 0.73828125 0.3046875 0.0546875 0.0546875
3 0.7828125 0.41953125 0.071875 0.078125
3 0.40390625 0.8296875 0.0890625 0.1109375
3 0.50546875 0.37421875 0.0859375 0.0609375