3 0.50546875 0.49375 0.9734375 0.9875
3 0.45703125 0.34375 0.1015625 0.0625
3 0.5375 0.3828125 0.06640625 0.0625
3 0.62109375 0.38671875 0.0546875 0.046875
3 0.46875 0.2984375 0.0390625 0.03515625
3 0.48828125 0.3578125 0.328125 0.19140625
3 0.7578125 0.6953125 0.046875 0.0390625
3 0.41796875 0.321875 0.1875 0.11328125
3 0.7359375 0.353125 0.05078125 0.05078125
3 0.65 0.478125 0.66796875 0.44921875
3 0.8578125 0.52734375 0.04296875 0.0390625
3 0.38125 0.3046875 0.11328125 0.078125
3 0.446875 0.3515625 0.05859375 0.046875