3 0.50390625 0.771875 0.078125 0.06640625
3 0.546875 0.5390625 0.078125 0.078125
3 0.6796875 0.62109375 0.0546875 0.046875
3 0.428125 0.734375 0.07421875 0.0546875
3 0.49375 0.50546875 0.9875 0.9796875
3 0.578125 0.703125 0.046875 0.046875
3 0.4546875 0.59375 0.08984375 0.0703125
3 0.6328125 0.2875 0.0859375 0.08203125
3 0.625 0.58203125 0.0546875 0.0546875
3 0.64453125 0.375 0.0625 0.0546875
3 0.25625 0.45703125 0.05078125 0.046875
3 0.57421875 0.69375 0.0859375 0.07421875
3 0.8421875 0.396875 0.05859375 0.05078125
3 0.2984375 0.4203125 0.04296875 0.05859375
3 0.546875 0.646875 0.3359375 0.31640625
3 0.23828125 0.7015625 0.0546875 0.05078125
3 0.5703125 0.21875 0.0859375 0.1015625
3 0.759375 0.1796875 0.05859375 0.078125