3 0.4609375 0.76875 0.0875 0.078125
3 0.53984375 0.54609375 0.0890625 0.0890625
3 0.65859375 0.64765625 0.0609375 0.0546875
3 0.3921875 0.7203125 0.08125 0.065625
3 0.5 0.5 1 1
3 0.5453125 0.7125 0.053125 0.053125
3 0.440625 0.58515625 0.1 0.0828125
3 0.6640625 0.3109375 0.0984375 0.09375
3 0.6109375 0.60078125 0.0625 0.0625
3 0.6625 0.39921875 0.0703125 0.0640625
3 0.265625 0.41953125 0.0578125 0.0546875
3 0.54296875 0.703125 0.096875 0.0875
3 0.85390625 0.4515625 0.065625 0.059375
3 0.31328125 0.38984375 0.0515625 0.0640625
3 0.5234375 0.65234375 0.38125 0.365625
3 0.21015625 0.6578125 0.0625 0.059375
3 0.61328125 0.23359375 0.1 0.1140625
3 0.80625 0.22421875 0.0703125 0.0859375