3 0.509375 0.4984375 0.91796875 0.99609375
3 0.6578125 0.40625 0.07421875 0.078125
3 0.24609375 0.64453125 0.078125 0.0703125
3 0.4671875 0.15625 0.05078125 0.046875
3 0.2828125 0.384375 0.12109375 0.05859375
3 0.4234375 0.6234375 0.33203125 0.19140625
3 0.37109375 0.334375 0.0625 0.06640625
3 0.5546875 0.40625 0.109375 0.1640625
3 0.56875 0.365625 0.08203125 0.07421875
3 0.359375 0.4703125 0.0546875 0.05078125
3 0.3109375 0.771875 0.06640625 0.05078125
3 0.5609375 0.4203125 0.05859375 0.05078125
3 0.40625 0.9078125 0.140625 0.09765625
3 0.74375 0.63671875 0.19921875 0.3203125
3 0.53125 0.45703125 0.0625 0.0625
3 0.540625 0.78125 0.09765625 0.0859375