3 0.5 0.5 1 1
3 0.66796875 0.4265625 0.0828125 0.0859375
3 0.23046875 0.6125 0.0859375 0.0796875
3 0.509375 0.1546875 0.05625 0.053125
3 0.2984375 0.35859375 0.1265625 0.0734375
3 0.40859375 0.61328125 0.353125 0.2296875
3 0.3921875 0.31953125 0.0703125 0.0734375
3 0.565625 0.41328125 0.128125 0.1765625
3 0.584375 0.375 0.090625 0.084375
3 0.3640625 0.453125 0.0609375 0.0578125
3 0.27890625 0.746875 0.071875 0.0578125
3 0.5703125 0.428125 0.0640625 0.0578125
3 0.35703125 0.89296875 0.1515625 0.1140625
3 0.725 0.665625 0.2375 0.3421875
3 0.5359375 0.4609375 0.0703125 0.0703125
3 0.50625 0.784375 0.1078125 0.096875