3 0.51171875 0.4984375 0.9375 0.99609375
3 0.5390625 0.3359375 0.0859375 0.0546875
3 0.48828125 0.290625 0.1953125 0.14453125
3 0.21875 0.6265625 0.0703125 0.05078125
3 0.5765625 0.0765625 0.06640625 0.04296875
3 0.60546875 0.0765625 0.1328125 0.05078125
3 0.5015625 0.275 0.07421875 0.07421875
3 0.4375 0.45703125 0.0703125 0.0546875
3 0.31640625 0.62109375 0.0625 0.0546875
3 0.7640625 0.890625 0.08984375 0.0703125
3 0.421875 0.24609375 0.0546875 0.046875
3 0.83984375 0.725 0.046875 0.04296875
3 0.64453125 0.071875 0.0546875 0.04296875
3 0.303125 0.46484375 0.16796875 0.0625
3 0.265625 0.4625 0.0859375 0.05078125
3 0.8421875 0.5015625 0.06640625 0.06640625
3 0.3421875 0.4703125 0.08203125 0.05078125
3 0.3421875 0.46484375 0.33984375 0.0859375