3 0.5046875 0.5 0.990625 1
3 0.52734375 0.33359375 0.0890625 0.0609375
3 0.4734375 0.2921875 0.2046875 0.1578125
3 0.228125 0.64609375 0.0734375 0.05625
3 0.546875 0.071875 0.06875 0.046875
3 0.57578125 0.0703125 0.1359375 0.059375
3 0.4859375 0.27578125 0.0796875 0.0796875
3 0.434375 0.46171875 0.0734375 0.059375
3 0.325 0.63359375 0.065625 0.059375
3 0.790625 0.87109375 0.09375 0.0765625
3 0.4046875 0.25234375 0.0578125 0.05
3 0.8546875 0.70078125 0.05 0.046875
3 0.6140625 0.0625 0.0578125 0.046875
3 0.30078125 0.47890625 0.171875 0.0734375
3 0.26328125 0.47890625 0.0890625 0.05625
3 0.84140625 0.47734375 0.0703125 0.0703125
3 0.340625 0.48125 0.0859375 0.05625
3 0.33984375 0.47578125 0.3453125 0.109375