3 0.5234375 0.4984375 0.890625 0.99609375
3 0.7359375 0.4609375 0.05078125 0.0546875
3 0.3921875 0.459375 0.11328125 0.10546875
3 0.4609375 0.8921875 0.0625 0.05859375
3 0.54296875 0.2875 0.171875 0.08203125
3 0.696875 0.26953125 0.06640625 0.0625
3 0.4671875 0.56875 0.08203125 0.08203125
3 0.48046875 0.78125 0.125 0.0859375
3 0.58203125 0.2046875 0.0546875 0.06640625
3 0.725 0.4453125 0.09765625 0.09375
3 0.5765625 0.4140625 0.49609375 0.421875
3 0.521875 0.4703125 0.08984375 0.06640625
3 0.30078125 0.69140625 0.0625 0.0546875
3 0.8375 0.490625 0.05859375 0.08203125
3 0.6265625 0.78125 0.05078125 0.046875
3 0.5328125 0.28515625 0.08203125 0.0625
3 0.4515625 0.50625 0.23828125 0.21484375
3 0.4546875 0.78125 0.06640625 0.0546875
3 0.56875 0.5640625 0.57421875 0.76171875