3 0.5234375 0.5 0.925 1
3 0.734375 0.45234375 0.053125 0.05625
3 0.390625 0.46328125 0.1171875 0.109375
3 0.475 0.89296875 0.0640625 0.0609375
3 0.53515625 0.2859375 0.175 0.0875
3 0.6890625 0.2625 0.06875 0.0640625
3 0.46953125 0.56953125 0.084375 0.084375
3 0.490625 0.78203125 0.128125 0.090625
3 0.571875 0.20234375 0.05625 0.06875
3 0.72265625 0.4375 0.1015625 0.096875
3 0.5734375 0.41171875 0.5109375 0.4390625
3 0.52109375 0.46953125 0.0921875 0.06875
3 0.3078125 0.6984375 0.0640625 0.05625
3 0.83671875 0.47890625 0.0609375 0.084375
3 0.6359375 0.7765625 0.053125 0.0484375
3 0.525 0.284375 0.084375 0.065625
3 0.4515625 0.5078125 0.2453125 0.2234375
3 0.46484375 0.7828125 0.06875 0.05625
3 0.57109375 0.56171875 0.6 0.78125