3 0.509375 0.49609375 0.97265625 0.9375
3 0.4671875 0.2328125 0.05078125 0.05859375
3 0.2515625 0.40625 0.03515625 0.0390625
3 0.359375 0.2875 0.2734375 0.36328125
3 0.2359375 0.478125 0.03515625 0.04296875
3 0.42578125 0.40625 0.0859375 0.1015625
3 0.3046875 0.359375 0.046875 0.046875
3 0.9234375 0.384375 0.04296875 0.04296875
3 0.38125 0.30625 0.05859375 0.05078125
3 0.353125 0.1390625 0.04296875 0.04296875
3 0.30625 0.13125 0.05078125 0.04296875
3 0.99375 0.09375 0.00390625 0.0625
3 0.4453125 0.4296875 0.0390625 0.0546875