3 0.50625 0.4984375 0.96484375 0.99609375
3 0.5375 0.60546875 0.13671875 0.1015625
3 0.1640625 0.19140625 0.0546875 0.0546875
3 0.62890625 0.296875 0.0625 0.0546875
3 0.55078125 0.58203125 0.1953125 0.1640625
3 0.5921875 0.546875 0.10546875 0.0859375
3 0.15625 0.390625 0.0859375 0.125
3 0.890625 0.50625 0.1015625 0.13671875
3 0.2953125 0.7953125 0.15234375 0.12890625
3 0.58984375 0.2328125 0.0703125 0.05859375
3 0.3203125 0.8203125 0.09375 0.0703125
3 0.8671875 0.478125 0.1484375 0.19921875
3 0.90234375 0.5296875 0.078125 0.08203125
3 0.1578125 0.1796875 0.07421875 0.09375
3 0.609375 0.2640625 0.1171875 0.12890625