3 0.5 0.5 1 1
3 0.55 0.6 0.1484375 0.1171875
3 0.12890625 0.234375 0.0609375 0.0609375
3 0.603125 0.2828125 0.06875 0.0625
3 0.56015625 0.575 0.2140625 0.1859375
3 0.596875 0.53515625 0.115625 0.0984375
3 0.1453125 0.43359375 0.1 0.134375
3 0.88828125 0.45859375 0.1171875 0.1484375
3 0.3328125 0.81796875 0.1671875 0.146875
3 0.55625 0.22421875 0.0765625 0.0671875
3 0.3609375 0.83984375 0.1015625 0.08125
3 0.86171875 0.43359375 0.171875 0.215625
3 0.903125 0.48046875 0.0875 0.090625
3 0.12109375 0.2234375 0.084375 0.1015625
3 0.5796875 0.25234375 0.13125 0.1421875