3 0.5 0.5 1 1
3 0.71796875 0.3640625 0.0671875 0.0625
3 0.7765625 0.5421875 0.05625 0.05
3 0.6546875 0.5484375 0.0609375 0.0546875
3 0.496875 0.56875 0.0609375 0.0515625
3 0.40390625 0.46484375 0.0578125 0.0546875
3 0.7453125 0.23828125 0.084375 0.08125
3 0.62734375 0.32265625 0.0703125 0.0640625
3 0.6546875 0.77109375 0.06875 0.0515625
3 0.18984375 0.66875 0.0859375 0.0890625
3 0.8671875 0.4015625 0.078125 0.06875
3 0.59453125 0.60078125 0.053125 0.05
3 0.1390625 0.38359375 0.0625 0.0625
3 0.63671875 0.559375 0.3609375 0.1890625