3 0.475 0.509375 0.94140625 0.97265625
3 0.69375 0.33203125 0.05859375 0.0546875
3 0.7796875 0.4984375 0.05078125 0.04296875
3 0.66015625 0.5234375 0.0546875 0.046875
3 0.5078125 0.56875 0.0546875 0.04296875
3 0.4 0.48046875 0.05078125 0.046875
3 0.7015625 0.203125 0.07421875 0.0703125
3 0.59765625 0.3046875 0.0625 0.0546875
3 0.6953125 0.74375 0.0625 0.04296875
3 0.2203125 0.71484375 0.07421875 0.078125
3 0.84765625 0.3453125 0.0703125 0.05859375
3 0.609375 0.584375 0.046875 0.04296875
3 0.125 0.44140625 0.0546875 0.0546875
3 0.64453125 0.5375 0.34375 0.13671875