3 0.484375 0.5015625 0.796875 0.90234375
3 0.74375 0.3828125 0.05859375 0.0703125
3 0.61875 0.4859375 0.05859375 0.05078125
3 0.68359375 0.7359375 0.0703125 0.05078125
3 0.521875 0.603125 0.05859375 0.05078125
3 0.69921875 0.5453125 0.0703125 0.04296875
3 0.5546875 0.6953125 0.0703125 0.046875
3 0.8375 0.6 0.06640625 0.05859375
3 0.71484375 0.66796875 0.0703125 0.046875
3 0.81875 0.53515625 0.06640625 0.046875
3 0.6328125 0.203125 0.0625 0.0625
3 0.6734375 0.5640625 0.39453125 0.44140625
3 0.553125 0.69375 0.08984375 0.07421875