3 0.50390625 0.5078125 0.9375 0.9765625
3 0.646875 0.7828125 0.121875 0.090625
3 0.56875 0.265625 0.065625 0.0625
3 0.615625 0.76953125 0.05 0.046875
3 0.125 0.821875 0.0625 0.059375
3 0.665625 0.80078125 0.05 0.046875
3 0.1421875 0.615625 0.059375 0.05
3 0.8296875 0.3765625 0.128125 0.1375
3 0.8734375 0.415625 0.04375 0.05
3 0.5703125 0.30859375 0.078125 0.1640625
3 0.11875 0.76171875 0.1375 0.1875
3 0.134375 0.7734375 0.065625 0.046875
3 0.453125 0.79296875 0.0546875 0.046875
3 0.2328125 0.8921875 0.05 0.04375
3 0.4859375 0.603125 0.04375 0.04375
3 0.79296875 0.35 0.046875 0.065625
3 0.078125 0.740625 0.046875 0.05
3 0.8265625 0.696875 0.05 0.05
3 0.1109375 0.69921875 0.075 0.0625