3 0.50390625 0.5 0.9375 0.9921875
3 0.759375 0.4765625 0.05859375 0.0546875
3 0.865625 0.515625 0.06640625 0.046875
3 0.5171875 0.78125 0.09765625 0.046875
3 0.8109375 0.4921875 0.19140625 0.109375
3 0.5609375 0.359375 0.05859375 0.0546875
3 0.4921875 0.24609375 0.0703125 0.0546875
3 0.1484375 0.5375 0.125 0.12109375
3 0.2890625 0.4375 0.40625 0.3984375
3 0.58984375 0.7421875 0.046875 0.0390625
3 0.303125 0.55078125 0.11328125 0.0625
3 0.3609375 0.40625 0.13671875 0.1640625
3 0.4359375 0.56875 0.09765625 0.08203125
3 0.203125 0.365625 0.0546875 0.05859375
3 0.53515625 0.765625 0.15625 0.09375
3 0.7578125 0.4765625 0.0859375 0.078125