3 0.5 0.5 1 1
3 0.75234375 0.4359375 0.0671875 0.0625
3 0.86328125 0.45859375 0.0734375 0.05625
3 0.5609375 0.775 0.103125 0.0609375
3 0.80625 0.44375 0.20625 0.1375
3 0.53828125 0.3515625 0.0671875 0.0625
3 0.45234375 0.25078125 0.078125 0.065625
3 0.15859375 0.5921875 0.1421875 0.1390625
3 0.28203125 0.47109375 0.4640625 0.4578125
3 0.6265625 0.725 0.053125 0.0453125
3 0.31328125 0.58125 0.121875 0.0796875
3 0.34765625 0.42890625 0.1609375 0.1828125
3 0.44765625 0.578125 0.109375 0.096875
3 0.1859375 0.4140625 0.0625 0.0671875
3 0.5765625 0.75703125 0.16875 0.1171875
3 0.75078125 0.43671875 0.096875 0.090625