3 0.53203125 0.50625 0.8328125 0.9875
3 0.62109375 0.38671875 0.075 0.04375
3 0.42109375 0.6234375 0.5828125 0.540625
3 0.65234375 0.646875 0.090625 0.05625
3 0.5046875 0.453125 0.1484375 0.0421875
3 0.5515625 0.59296875 0.29375 0.4703125
3 0.5109375 0.55625 0.196875 0.09375
3 0.36953125 0.7203125 0.04375 0.0390625
3 0.3171875 0.6859375 0.15 0.1078125
3 0.33671875 0.78984375 0.0828125 0.071875
3 0.54765625 0.54375 0.1140625 0.0640625
3 0.478125 0.63125 0.1109375 0.053125
3 0.4765625 0.56953125 0.1375 0.0578125
3 0.4671875 0.66953125 0.4625 0.325