3 0.5328125 0.5078125 0.81640625 0.9765625
3 0.61875 0.384375 0.07421875 0.04296875
3 0.4234375 0.625 0.57421875 0.53125
3 0.6546875 0.64453125 0.08984375 0.0546875
3 0.50390625 0.453125 0.1484375 0.0390625
3 0.553125 0.5921875 0.28515625 0.46484375
3 0.51171875 0.55625 0.1953125 0.08984375
3 0.3734375 0.72265625 0.04296875 0.0390625
3 0.3203125 0.6890625 0.1484375 0.10546875
3 0.3421875 0.79296875 0.08203125 0.0703125
3 0.5484375 0.54296875 0.11328125 0.0625
3 0.48046875 0.63125 0.109375 0.05078125
3 0.478125 0.5703125 0.13671875 0.0546875
3 0.4703125 0.6703125 0.45703125 0.31640625