3 0.4921875 0.5 0.96875 1
3 0.6453125 0.76484375 0.053125 0.0625
3 0.6203125 0.2390625 0.071875 0.0578125
3 0.1328125 0.6890625 0.0703125 0.053125
3 0.11484375 0.6703125 0.1640625 0.2046875
3 0.07890625 0.63671875 0.0625 0.053125
3 0.509375 0.5578125 0.059375 0.0484375
3 0.1 0.73125 0.0875 0.0671875
3 0.20078125 0.8234375 0.0546875 0.0484375
3 0.63203125 0.753125 0.0984375 0.0953125
3 0.1234375 0.6078125 0.0765625 0.0734375
3 0.16328125 0.52734375 0.059375 0.059375
3 0.83359375 0.35078125 0.1390625 0.153125
3 0.14609375 0.7125 0.2421875 0.2984375
3 0.1953125 0.74296875 0.06875 0.0765625