3 0.49375 0.50625 0.87109375 0.98046875
3 0.671875 0.7484375 0.046875 0.05859375
3 0.5921875 0.228125 0.06640625 0.05078125
3 0.1546875 0.7265625 0.06640625 0.046875
3 0.134375 0.709375 0.14453125 0.19140625
3 0.0953125 0.6796875 0.05859375 0.046875
3 0.515625 0.55625 0.0546875 0.04296875
3 0.1265625 0.771875 0.08203125 0.05859375
3 0.2359375 0.853125 0.05078125 0.04296875
3 0.6578125 0.73828125 0.08984375 0.0859375
3 0.13671875 0.646875 0.0703125 0.06640625
3 0.16796875 0.5625 0.0546875 0.0546875
3 0.81640625 0.31640625 0.125 0.140625
3 0.1703125 0.7484375 0.21484375 0.27734375
3 0.22265625 0.7734375 0.0625 0.0703125