3 0.5453125 0.5 0.890625 1
3 0.41640625 0.73671875 0.0703125 0.053125
3 0.40703125 0.6609375 0.0515625 0.0546875
3 0.54375 0.7078125 0.071875 0.0609375
3 0.4578125 0.69296875 0.059375 0.0515625
3 0.56171875 0.878125 0.05625 0.059375
3 0.53125 0.834375 0.0515625 0.0515625
3 0.71796875 0.79140625 0.0625 0.053125
3 0.5046875 0.7546875 0.0625 0.0453125
3 0.56484375 0.76171875 0.4078125 0.33125
3 0.31796875 0.4703125 0.0796875 0.0578125
3 0.684375 0.76171875 0.0515625 0.0546875
3 0.6375 0.8703125 0.0671875 0.053125
3 0.453125 0.05703125 0.084375 0.0703125