3 0.5453125 0.51171875 0.79296875 0.96875
3 0.3921875 0.7265625 0.06640625 0.046875
3 0.390625 0.65 0.046875 0.05078125
3 0.521875 0.7109375 0.06640625 0.0546875
3 0.4375 0.6875 0.0546875 0.046875
3 0.521875 0.8828125 0.05078125 0.0546875
3 0.49609375 0.8359375 0.046875 0.046875
3 0.6859375 0.8125 0.05859375 0.046875
3 0.478125 0.75390625 0.05859375 0.0390625
3 0.5375 0.7671875 0.37890625 0.29296875
3 0.321875 0.4515625 0.07421875 0.05078125
3 0.65625 0.7796875 0.046875 0.05078125
3 0.59765625 0.8828125 0.0625 0.046875
3 0.5 0.0546875 0.078125 0.0625