3 0.48828125 0.4921875 0.9296875 0.9765625
3 0.3765625 0.196875 0.07421875 0.07421875
3 0.5390625 0.359375 0.0625 0.09375
3 0.7265625 0.4859375 0.09375 0.16796875
3 0.5625 0.625 0.0859375 0.0625
3 0.7515625 0.3984375 0.05078125 0.0546875
3 0.3890625 0.60546875 0.05859375 0.046875
3 0.27734375 0.1265625 0.046875 0.05078125
3 0.640625 0.521875 0.0546875 0.06640625
3 0.4703125 0.646875 0.06640625 0.05078125
3 0.3828125 0.5296875 0.0703125 0.05859375
3 0.85 0.4921875 0.05859375 0.0703125
3 0.52734375 0.4671875 0.0546875 0.05078125
3 0.5 0.553125 0.0703125 0.06640625
3 0.6078125 0.5484375 0.55859375 0.48828125
3 0.196875 0.2640625 0.06640625 0.05078125
3 0.51953125 0.75390625 0.09375 0.0625
3 0.7421875 0.53125 0.0625 0.078125
3 0.72265625 0.4546875 0.078125 0.09765625