3 0.48828125 0.5 0.9765625 1
3 0.3609375 0.20390625 0.078125 0.078125
3 0.53203125 0.3578125 0.0671875 0.096875
3 0.72578125 0.47421875 0.103125 0.171875
3 0.56875 0.621875 0.0890625 0.0671875
3 0.74609375 0.38515625 0.053125 0.0578125
3 0.39453125 0.6109375 0.0609375 0.05
3 0.2578125 0.1390625 0.05 0.053125
3 0.64140625 0.51484375 0.0578125 0.06875
3 0.478125 0.6484375 0.06875 0.0546875
3 0.384375 0.5359375 0.0734375 0.0625
3 0.84921875 0.47421875 0.0625 0.0734375
3 0.52578125 0.465625 0.0578125 0.053125
3 0.503125 0.553125 0.0734375 0.0703125
3 0.61015625 0.54296875 0.5828125 0.5171875
3 0.18515625 0.28046875 0.06875 0.0546875
3 0.5328125 0.75234375 0.096875 0.0671875
3 0.74375 0.51875 0.0671875 0.08125
3 0.7203125 0.44296875 0.0828125 0.1015625