3 0.64453125 0.615625 0.09375 0.06640625
3 0.334375 0.4515625 0.09765625 0.12109375
3 0.5375 0.49375 0.83203125 0.93359375
3 0.53125 0.353125 0.0546875 0.04296875
3 0.553125 0.26953125 0.09765625 0.0546875
3 0.43359375 0.5015625 0.0703125 0.05078125
3 0.3375 0.42578125 0.07421875 0.0703125
3 0.34375 0.48828125 0.0703125 0.046875
3 0.540625 0.3109375 0.12109375 0.14453125
3 0.62890625 0.44375 0.1328125 0.05859375
3 0.5625 0.509375 0.09375 0.05078125
3 0.92578125 0.6109375 0.046875 0.05859375
3 0.5375 0.44375 0.51171875 0.41796875