3 0.62734375 0.634375 0.1015625 0.078125
3 0.34296875 0.42890625 0.1140625 0.1328125
3 0.53046875 0.5 0.9390625 1
3 0.5515625 0.35859375 0.059375 0.05
3 0.584375 0.27890625 0.1046875 0.0671875
3 0.434375 0.4921875 0.0765625 0.059375
3 0.34921875 0.40390625 0.0828125 0.0796875
3 0.346875 0.46640625 0.0765625 0.05625
3 0.56640625 0.31875 0.140625 0.159375
3 0.63515625 0.4625 0.1390625 0.0765625
3 0.5609375 0.51796875 0.1 0.0640625
3 0.90625 0.66875 0.0546875 0.0640625
3 0.5453125 0.44921875 0.565625 0.484375