3 0.515625 0.50078125 0.959375 0.9984375
3 0.45625 0.76484375 0.0703125 0.0546875
3 0.25234375 0.484375 0.0859375 0.0640625
3 0.31484375 0.7703125 0.0765625 0.0484375
3 0.3640625 0.73984375 0.0625 0.0546875
3 0.8890625 0.66953125 0.125 0.1828125
3 0.3171875 0.70234375 0.05 0.05
3 0.46875 0.8109375 0.4109375 0.2765625
3 0.3390625 0.22890625 0.090625 0.071875
3 0.26171875 0.325 0.10625 0.08125
3 0.40859375 0.80078125 0.0578125 0.046875
3 0.4921875 0.0546875 0.10625 0.0734375
3 0.09453125 0.6140625 0.0546875 0.0546875
3 0.4296875 0.88828125 0.075 0.0796875
3 0.59921875 0.85 0.0546875 0.0546875