3 0.5171875 0.51171875 0.89453125 0.9609375
3 0.475 0.7671875 0.06640625 0.05078125
3 0.2515625 0.5015625 0.08203125 0.05859375
3 0.334375 0.7828125 0.07421875 0.04296875
3 0.38125 0.7484375 0.05859375 0.05078125
3 0.9 0.6421875 0.11328125 0.17578125
3 0.33203125 0.71484375 0.046875 0.046875
3 0.490625 0.8125 0.39453125 0.25
3 0.3203125 0.240625 0.0859375 0.06640625
3 0.25 0.3421875 0.1015625 0.07421875
3 0.4296875 0.80625 0.0546875 0.04296875
3 0.4609375 0.05625 0.1015625 0.06640625
3 0.103125 0.6421875 0.05078125 0.05078125
3 0.45703125 0.8921875 0.0703125 0.07421875
3 0.6234375 0.8421875 0.05078125 0.05078125