3 0.5 0.5 0.90625 0.9921875
3 0.4546875 0.0484375 0.10546875 0.08984375
3 0.1953125 0.59765625 0.109375 0.0546875
3 0.30078125 0.6796875 0.140625 0.078125
3 0.3828125 0.4078125 0.0625 0.04296875
3 0.296875 0.3359375 0.046875 0.0390625
3 0.68359375 0.3984375 0.140625 0.0859375
3 0.3984375 0.2359375 0.15625 0.09765625
3 0.3203125 0.771875 0.1015625 0.05859375
3 0.47265625 0.775 0.0625 0.03515625
3 0.46875 0.1109375 0.078125 0.05859375
3 0.2046875 0.31875 0.05859375 0.05078125
3 0.625 0.31875 0.046875 0.04296875
3 0.30625 0.71875 0.16015625 0.1640625
3 0.8203125 0.81875 0.0546875 0.05078125
3 0.44140625 0.29296875 0.1015625 0.0546875
3 0.85546875 0.490625 0.1328125 0.12890625