3 0.5 0.5 0.940625 1
3 0.4703125 0.046875 0.1078125 0.09375
3 0.1921875 0.58671875 0.1109375 0.0578125
3 0.29453125 0.67265625 0.14375 0.0828125
3 0.3859375 0.40390625 0.0640625 0.0453125
3 0.30234375 0.32890625 0.0484375 0.040625
3 0.68671875 0.4046875 0.14375 0.090625
3 0.4078125 0.2328125 0.159375 0.103125
3 0.3109375 0.765625 0.103125 0.0625
3 0.46328125 0.77421875 0.0640625 0.0375
3 0.48203125 0.11015625 0.0796875 0.0609375
3 0.2109375 0.30859375 0.0609375 0.053125
3 0.63125 0.3234375 0.0484375 0.0453125
3 0.2984375 0.71171875 0.165625 0.1703125
3 0.809375 0.8296875 0.05625 0.053125
3 0.4484375 0.29140625 0.103125 0.0578125
3 0.85546875 0.503125 0.1375 0.1328125