3 0.49765625 0.49609375 0.9953125 0.9921875
3 0.46328125 0.52109375 0.678125 0.540625
3 0.35859375 0.41953125 0.19375 0.13125
3 0.396875 0.50546875 0.0609375 0.0578125
3 0.4203125 0.5078125 0.1171875 0.0765625
3 0.75390625 0.71953125 0.065625 0.0546875
3 0.5 0.61875 0.0609375 0.053125
3 0.66796875 0.7453125 0.053125 0.0421875
3 0.81328125 0.63046875 0.0609375 0.0609375
3 0.828125 0.421875 0.065625 0.0546875
3 0.43125 0.609375 0.0890625 0.059375
3 0.74140625 0.4859375 0.0578125 0.0609375
3 0.61953125 0.7140625 0.1703125 0.059375
3 0.56015625 0.7171875 0.053125 0.053125