3 0.49609375 0.4859375 0.953125 0.96484375
3 0.4625 0.51953125 0.65234375 0.5078125
3 0.36328125 0.4125 0.1875 0.12109375
3 0.396875 0.5 0.05859375 0.0546875
3 0.4203125 0.50390625 0.11328125 0.0703125
3 0.7421875 0.7328125 0.0625 0.05078125
3 0.49375 0.61875 0.05859375 0.05078125
3 0.6546875 0.75390625 0.05078125 0.0390625
3 0.80625 0.646875 0.05859375 0.05859375
3 0.83203125 0.4390625 0.0625 0.05078125
3 0.42578125 0.60546875 0.0859375 0.0546875
3 0.7421875 0.4984375 0.0546875 0.05859375
3 0.6078125 0.7203125 0.16796875 0.05078125
3 0.5484375 0.7203125 0.05078125 0.05078125