3 0.50390625 0.5171875 0.96875 0.95703125
3 0.5140625 0.15 0.05078125 0.05078125
3 0.334375 0.3296875 0.08203125 0.08203125
3 0.4546875 0.303125 0.09765625 0.08984375
3 0.5234375 0.38125 0.4765625 0.25390625
3 0.68359375 0.375 0.1484375 0.140625
3 0.6734375 0.33984375 0.08203125 0.0625
3 0.725 0.4203125 0.05859375 0.04296875
3 0.384375 0.46484375 0.11328125 0.0703125
3 0.375 0.44140625 0.1328125 0.125
3 0.640625 0.384375 0.0546875 0.04296875
3 0.1421875 0.5015625 0.07421875 0.05859375
3 0.3453125 0.4140625 0.06640625 0.0546875
3 0.7328125 0.36875 0.04296875 0.03515625
3 0.3984375 0.37890625 0.21875 0.25
3 0.44375 0.2828125 0.06640625 0.05078125