3 0.50390625 0.51484375 0.9859375 0.9703125
3 0.5078125 0.15 0.0515625 0.0515625
3 0.33125 0.3328125 0.0828125 0.0828125
3 0.4515625 0.30390625 0.0984375 0.0921875
3 0.52109375 0.38046875 0.48125 0.2625
3 0.68125 0.371875 0.1515625 0.14375
3 0.6703125 0.33671875 0.0828125 0.0640625
3 0.7234375 0.41640625 0.059375 0.04375
3 0.38359375 0.4671875 0.1140625 0.071875
3 0.37421875 0.44375 0.134375 0.1265625
3 0.63828125 0.38203125 0.0546875 0.04375
3 0.1421875 0.5078125 0.075 0.059375
3 0.34375 0.41640625 0.0671875 0.05625
3 0.73046875 0.36484375 0.04375 0.0359375
3 0.39609375 0.38046875 0.2234375 0.253125
3 0.43984375 0.28359375 0.0671875 0.0515625