3 0.49765625 0.5 0.9921875 1
3 0.64140625 0.41796875 0.0703125 0.0546875
3 0.1953125 0.48984375 0.103125 0.084375
3 0.253125 0.49375 0.459375 0.4734375
3 0.340625 0.29609375 0.0734375 0.059375
3 0.871875 0.68671875 0.0875 0.0796875
3 0.88828125 0.621875 0.1390625 0.21875
3 0.1640625 0.625 0.0734375 0.0515625
3 0.19296875 0.3375 0.0625 0.0515625
3 0.13828125 0.68359375 0.1578125 0.0921875
3 0.91171875 0.54296875 0.0625 0.0625
3 0.309375 0.37265625 0.125 0.0625
3 0.1625 0.5140625 0.184375 0.1484375
3 0.40546875 0.4359375 0.1 0.1
3 0.34296875 0.209375 0.05 0.05
3 0.1328125 0.53515625 0.1109375 0.096875