3 0.4984375 0.5 0.92578125 0.9921875
3 0.646875 0.428125 0.06640625 0.05078125
3 0.196875 0.46875 0.09765625 0.078125
3 0.25390625 0.4765625 0.4296875 0.4453125
3 0.35546875 0.28515625 0.0703125 0.0546875
3 0.8578125 0.7125 0.08203125 0.07421875
3 0.87890625 0.6484375 0.125 0.2109375
3 0.15625 0.6015625 0.0703125 0.046875
3 0.2046875 0.31640625 0.05859375 0.046875
3 0.1265625 0.6578125 0.15234375 0.08203125
3 0.9078125 0.571875 0.05859375 0.05859375
3 0.31875 0.359375 0.12109375 0.0546875
3 0.1625 0.490625 0.17578125 0.13671875
3 0.41015625 0.4296875 0.09375 0.09375
3 0.36328125 0.19921875 0.046875 0.046875
3 0.13125 0.509375 0.10546875 0.08984375