3 0.5 0.5 1 1
3 0.73828125 0.4328125 0.109375 0.0796875
3 0.4015625 0.57421875 0.0734375 0.0671875
3 0.6234375 0.39765625 0.0640625 0.05
3 0.81328125 0.51640625 0.0796875 0.0796875
3 0.159375 0.396875 0.1234375 0.1234375
3 0.60078125 0.3171875 0.0765625 0.0640625
3 0.1296875 0.621875 0.090625 0.08125
3 0.73359375 0.35546875 0.06875 0.0546875
3 0.840625 0.55703125 0.1640625 0.1703125
3 0.134375 0.54921875 0.259375 0.4421875
3 0.8515625 0.59296875 0.1234375 0.09375
3 0.096875 0.56171875 0.0765625 0.05625
3 0.275 0.03359375 0.109375 0.0671875