3 0.5078125 0.4859375 0.9296875 0.96484375
3 0.7265625 0.4 0.1015625 0.06640625
3 0.4125 0.5875 0.06640625 0.05859375
3 0.6078125 0.38125 0.05859375 0.04296875
3 0.8125 0.47265625 0.0703125 0.0703125
3 0.1484375 0.4453125 0.109375 0.109375
3 0.57421875 0.3046875 0.0703125 0.0546875
3 0.15 0.671875 0.08203125 0.0703125
3 0.7109375 0.32421875 0.0625 0.046875
3 0.8453125 0.509375 0.14453125 0.15234375
3 0.14453125 0.6 0.203125 0.41796875
3 0.8609375 0.54296875 0.11328125 0.078125
3 0.109375 0.6171875 0.0703125 0.046875
3 0.209375 0.05078125 0.09765625 0.09375