3 0.49765625 0.5 0.9453125 1
3 0.74921875 0.76171875 0.071875 0.078125
3 0.509375 0.53203125 0.0765625 0.0984375
3 0.73984375 0.540625 0.0578125 0.05
3 0.66875 0.57578125 0.0625 0.0625
3 0.7390625 0.775 0.115625 0.109375
3 0.88203125 0.58125 0.05 0.05
3 0.87890625 0.440625 0.0609375 0.04375
3 0.7390625 0.38515625 0.075 0.071875
3 0.615625 0.21171875 0.0703125 0.0625
3 0.725 0.39453125 0.1578125 0.1046875
3 0.8296875 0.5484375 0.065625 0.0546875
3 0.35546875 0.41796875 0.0703125 0.0625
3 0.54140625 0.0421875 0.0859375 0.071875
3 0.50703125 0.51015625 0.065625 0.0546875
3 0.71015625 0.803125 0.0578125 0.0546875
3 0.66875 0.4609375 0.0625 0.0515625