3 0.4984375 0.50390625 0.87890625 0.984375
3 0.7671875 0.74375 0.06640625 0.07421875
3 0.51171875 0.53125 0.0703125 0.09375
3 0.7421875 0.5234375 0.0546875 0.046875
3 0.6734375 0.5640625 0.05859375 0.05859375
3 0.7578125 0.7578125 0.109375 0.1015625
3 0.88671875 0.5546875 0.046875 0.046875
3 0.8734375 0.4140625 0.05859375 0.0390625
3 0.73046875 0.36875 0.0703125 0.06640625
3 0.5953125 0.2046875 0.06640625 0.05859375
3 0.7171875 0.37890625 0.15234375 0.09375
3 0.83203125 0.525 0.0625 0.05078125
3 0.35 0.428125 0.06640625 0.05859375
3 0.509375 0.040625 0.08203125 0.06640625
3 0.5078125 0.509375 0.0625 0.05078125
3 0.73046875 0.7875 0.0546875 0.05078125
3 0.665625 0.44921875 0.05859375 0.046875