3 0.5 0.5 1 1
3 0.77578125 0.5703125 0.0734375 0.0640625
3 0.86640625 0.63203125 0.071875 0.0515625
3 0.30703125 0.42578125 0.4875 0.4703125
3 0.81875 0.6 0.1984375 0.1421875
3 0.1375 0.50859375 0.1375 0.140625
3 0.6109375 0.41484375 0.06875 0.059375
3 0.4390625 0.7953125 0.1 0.059375
3 0.42109375 0.38671875 0.1203125 0.1
3 0.58125 0.2890625 0.0859375 0.06875
3 0.33046875 0.36171875 0.090625 0.103125
3 0.284375 0.54453125 0.134375 0.0953125
3 0.234375 0.35625 0.0671875 0.0703125
3 0.4703125 0.30625 0.1296875 0.1390625
3 0.2484375 0.39375 0.2484375 0.2328125