3 0.4984375 0.4984375 0.95703125 0.99609375
3 0.7828125 0.53125 0.06640625 0.0546875
3 0.88125 0.5796875 0.06640625 0.04296875
3 0.2984375 0.453125 0.43359375 0.4140625
3 0.8296875 0.5546875 0.18359375 0.1171875
3 0.1421875 0.55859375 0.12109375 0.125
3 0.59765625 0.4 0.0625 0.05078125
3 0.48046875 0.80078125 0.09375 0.046875
3 0.40625 0.3984375 0.109375 0.0859375
3 0.55078125 0.2796875 0.078125 0.05859375
3 0.3125 0.38671875 0.078125 0.09375
3 0.29296875 0.57421875 0.125 0.078125
3 0.2171875 0.39453125 0.05859375 0.0625
3 0.44375 0.3125 0.11328125 0.125
3 0.2359375 0.4296875 0.22265625 0.203125