3 0.79609375 0.4640625 0.084375 0.0953125
3 0.40546875 0.19609375 0.09375 0.06875
3 0.471875 0.46484375 0.94375 0.9296875
3 0.46796875 0.19609375 0.2359375 0.1015625
3 0.7515625 0.3234375 0.0515625 0.06875
3 0.52890625 0.196875 0.10625 0.084375
3 0.7359375 0.46796875 0.215625 0.14375
3 0.44609375 0.46328125 0.134375 0.0984375
3 0.43125 0.45625 0.26875 0.1359375
3 0.09375 0.4625 0.053125 0.046875
3 0.64296875 0.74921875 0.05 0.05
3 0.11015625 0.45703125 0.0859375 0.0609375
3 0.36328125 0.4359375 0.1234375 0.09375