3 0.79296875 0.44375 0.078125 0.08984375
3 0.384375 0.203125 0.08984375 0.0625
3 0.4671875 0.459375 0.88671875 0.88671875
3 0.446875 0.19921875 0.23046875 0.0859375
3 0.73828125 0.30625 0.046875 0.06640625
3 0.5078125 0.1953125 0.1015625 0.078125
3 0.7328125 0.4515625 0.20703125 0.12890625
3 0.44375 0.4671875 0.12890625 0.08984375
3 0.428125 0.4609375 0.26171875 0.1171875
3 0.0921875 0.490625 0.05078125 0.04296875
3 0.66015625 0.73828125 0.046875 0.046875
3 0.1078125 0.484375 0.08203125 0.0546875
3 0.359375 0.4453125 0.1171875 0.0859375