3 0.51484375 0.50625 0.9234375 0.9875
3 0.5984375 0.78125 0.1 0.08125
3 0.18203125 0.878125 0.0484375 0.0453125
3 0.1953125 0.55 0.053125 0.053125
3 0.62734375 0.25078125 0.053125 0.071875
3 0.16015625 0.72265625 0.2015625 0.4125
3 0.83671875 0.38046875 0.121875 0.1328125
3 0.61328125 0.79296875 0.053125 0.05625
3 0.14140625 0.7296875 0.06875 0.0484375
3 0.10703125 0.77734375 0.0640625 0.0609375
3 0.0953125 0.67734375 0.05625 0.05625
3 0.14765625 0.6375 0.071875 0.06875
3 0.49296875 0.5859375 0.0640625 0.05625