3 0.515625 0.51171875 0.890625 0.96875
3 0.6078125 0.77734375 0.09765625 0.078125
3 0.1953125 0.8890625 0.046875 0.04296875
3 0.196875 0.5609375 0.05078125 0.05078125
3 0.61875 0.24609375 0.05078125 0.0703125
3 0.16796875 0.734375 0.1875 0.40625
3 0.83203125 0.36875 0.1171875 0.12890625
3 0.6234375 0.7890625 0.05078125 0.0546875
3 0.15 0.7421875 0.06640625 0.046875
3 0.1171875 0.790625 0.0625 0.05859375
3 0.1015625 0.69140625 0.0546875 0.0546875
3 0.15234375 0.65 0.0703125 0.06640625
3 0.49609375 0.5859375 0.0625 0.0546875