3 0.50859375 0.5 0.9359375 1
3 0.72265625 0.38671875 0.08125 0.08125
3 0.834375 0.43984375 0.05625 0.053125
3 0.28984375 0.36015625 0.05625 0.0484375
3 0.571875 0.3421875 0.0640625 0.05625
3 0.9046875 0.59375 0.06875 0.053125
3 0.4015625 0.22265625 0.125 0.10625
3 0.54140625 0.3984375 0.840625 0.509375
3 0.5125 0.365625 0.5125 0.1625
3 0.67890625 0.40859375 0.05625 0.05625
3 0.4234375 0.340625 0.175 0.1078125
3 0.71328125 0.3859375 0.1484375 0.1375
3 0.36640625 0.24140625 0.0515625 0.040625
3 0.1578125 0.3359375 0.071875 0.065625
3 0.634375 0.23515625 0.0734375 0.0734375
3 0.42578125 0.20390625 0.053125 0.05625
3 0.28984375 0.36171875 0.0796875 0.06875
3 0.56640625 0.34609375 0.0921875 0.08125