3 0.509375 0.5015625 0.90234375 0.98828125
3 0.71875 0.37890625 0.078125 0.078125
3 0.83203125 0.428125 0.0546875 0.05078125
3 0.28515625 0.3671875 0.0546875 0.046875
3 0.56640625 0.33984375 0.0625 0.0546875
3 0.9078125 0.5796875 0.06640625 0.05078125
3 0.3921875 0.2265625 0.12109375 0.1015625
3 0.5375 0.396875 0.82421875 0.48046875
3 0.5078125 0.365625 0.5078125 0.14453125
3 0.67578125 0.40234375 0.0546875 0.0546875
3 0.41796875 0.34375 0.171875 0.1015625
3 0.709375 0.37890625 0.14453125 0.1328125
3 0.3578125 0.24609375 0.05078125 0.0390625
3 0.15234375 0.34765625 0.0703125 0.0625
3 0.625 0.23046875 0.0703125 0.0703125
3 0.415625 0.20703125 0.05078125 0.0546875
3 0.28515625 0.36875 0.078125 0.06640625
3 0.5609375 0.34375 0.08984375 0.078125