3 0.49609375 0.4984375 0.984375 0.95703125
3 0.3140625 0.240625 0.11328125 0.06640625
3 0.390625 0.165625 0.0546875 0.05859375
3 0.303125 0.4296875 0.13671875 0.0625
3 0.41796875 0.3890625 0.0625 0.05078125
3 0.709375 0.25390625 0.08984375 0.0703125
3 0.42578125 0.109375 0.140625 0.1796875
3 0.33984375 0.3296875 0.21875 0.26953125
3 0.21875 0.25625 0.0390625 0.03515625
3 0.3765625 0.3296875 0.05078125 0.05078125
3 0.415625 0.0453125 0.05859375 0.05078125
3 0.37109375 0.24609375 0.296875 0.4453125
3 0.4921875 0.303125 0.53125 0.33203125
3 0.484375 0.1484375 0.09375 0.0703125