3 0.5 0.4984375 1 0.990625
3 0.30546875 0.24765625 0.115625 0.0703125
3 0.37890625 0.16953125 0.05625 0.0609375
3 0.30078125 0.43671875 0.1390625 0.0671875
3 0.4140625 0.3921875 0.0640625 0.053125
3 0.70078125 0.246875 0.0921875 0.0734375
3 0.4125 0.1125 0.146875 0.184375
3 0.334375 0.33515625 0.228125 0.2765625
3 0.21015625 0.26640625 0.040625 0.0359375
3 0.3703125 0.334375 0.053125 0.053125
3 0.4 0.0484375 0.0609375 0.053125
3 0.3625 0.25078125 0.3125 0.4546875
3 0.48515625 0.30390625 0.5421875 0.35
3 0.471875 0.14921875 0.096875 0.0734375