3 0.509375 0.49609375 0.89453125 0.8984375
3 0.4625 0.865625 0.05078125 0.03515625
3 0.84765625 0.3890625 0.078125 0.07421875
3 0.734375 0.2515625 0.109375 0.08984375
3 0.19921875 0.615625 0.0546875 0.05859375
3 0.7796875 0.5625 0.05078125 0.0546875
3 0.790625 0.3578125 0.31640625 0.32421875
3 0.6953125 0.62890625 0.0625 0.0390625
3 0.3265625 0.06875 0.05859375 0.04296875
3 0.1625 0.53515625 0.17578125 0.2421875
3 0.37109375 0.740625 0.1015625 0.07421875
3 0.5859375 0.71875 0.046875 0.0390625
3 0.30859375 0.87109375 0.0546875 0.046875
3 0.584375 0.76953125 0.06640625 0.046875
3 0.5171875 0.7484375 0.06640625 0.05078125