3 0.50234375 0.5 0.9953125 1
3 0.41171875 0.85703125 0.0546875 0.0421875
3 0.859375 0.43828125 0.0875 0.084375
3 0.76640625 0.28671875 0.1203125 0.1046875
3 0.1859375 0.57265625 0.0625 0.065625
3 0.76796875 0.60078125 0.0578125 0.0609375
3 0.8078125 0.4 0.3578125 0.365625
3 0.67578125 0.6546875 0.0671875 0.046875
3 0.38828125 0.0484375 0.0640625 0.05
3 0.1609375 0.4875 0.2078125 0.2640625
3 0.3390625 0.7203125 0.1109375 0.0875
3 0.5546875 0.72890625 0.0515625 0.0453125
3 0.25859375 0.840625 0.0609375 0.0546875
3 0.54609375 0.77890625 0.071875 0.05625
3 0.4828125 0.7484375 0.0734375 0.059375