3 0.50625 0.5015625 0.96484375 0.98828125
3 0.678125 0.259375 0.13671875 0.07421875
3 0.7359375 0.31640625 0.10546875 0.0546875
3 0.6875 0.27734375 0.203125 0.140625
3 0.5796875 0.42578125 0.08203125 0.0546875
3 0.80078125 0.08203125 0.078125 0.046875
3 0.2578125 0.56640625 0.0703125 0.046875
3 0.3890625 0.56875 0.05859375 0.04296875
3 0.71875 0.834375 0.078125 0.06640625
3 0.4859375 0.4296875 0.32421875 0.0859375
3 0.66015625 0.578125 0.0625 0.046875
3 0.375 0.41796875 0.078125 0.046875
3 0.2421875 0.68359375 0.140625 0.09375
3 0.42578125 0.4296875 0.1875 0.0703125
3 0.54296875 0.7828125 0.1953125 0.08984375
3 0.828125 0.05859375 0.1328125 0.1015625
3 0.78125 0.209375 0.078125 0.05078125
3 0.9125 0.5765625 0.10546875 0.20703125
3 0.21875 0.6703125 0.09375 0.06640625
3 0.4828125 0.51953125 0.62890625 0.6328125