3 0.5 0.5 1 1
3 0.70234375 0.2796875 0.14375 0.0875
3 0.75390625 0.3421875 0.1109375 0.065625
3 0.709375 0.2984375 0.2171875 0.1609375
3 0.58671875 0.434375 0.0875 0.0625
3 0.84296875 0.115625 0.0828125 0.0546875
3 0.25234375 0.540625 0.075 0.0546875
3 0.3828125 0.55703125 0.0625 0.0484375
3 0.6828125 0.85546875 0.084375 0.0734375
3 0.49375 0.42890625 0.33125 0.11875
3 0.65078125 0.59453125 0.0671875 0.053125
3 0.384375 0.40546875 0.0828125 0.0546875
3 0.22421875 0.65546875 0.15 0.1078125
3 0.43359375 0.42265625 0.19375 0.0890625
3 0.51328125 0.7859375 0.203125 0.109375
3 0.87265625 0.0953125 0.1421875 0.115625
3 0.81015625 0.240625 0.0828125 0.059375
3 0.90234375 0.61953125 0.1265625 0.2171875
3 0.20234375 0.63984375 0.1 0.0765625
3 0.48125 0.51796875 0.6921875 0.6953125