3 0.5 0.4875 1 0.975
3 0.71953125 0.28984375 0.0765625 0.0578125
3 0.6640625 0.721875 0.0734375 0.0609375
3 0.6734375 0.13046875 0.0609375 0.0515625
3 0.52109375 0.1671875 0.0703125 0.0640625
3 0.51875 0.8234375 0.1953125 0.1140625
3 0.4984375 0.76875 0.065625 0.0546875
3 0.703125 0.77734375 0.121875 0.0796875
3 0.80390625 0.6703125 0.134375 0.1109375
3 0.778125 0.43359375 0.065625 0.0546875
3 0.76875 0.125 0.0609375 0.0515625
3 0.81484375 0.30078125 0.0734375 0.0640625
3 0.64375 0.75234375 0.46875 0.375
3 0.75078125 0.2140625 0.1359375 0.1