3 0.48046875 0.4625 0.9453125 0.89453125
3 0.68359375 0.2578125 0.0703125 0.046875
3 0.696875 0.69375 0.06640625 0.05078125
3 0.61328125 0.1078125 0.0546875 0.04296875
3 0.46875 0.16796875 0.0625 0.0546875
3 0.56875 0.81640625 0.18359375 0.0859375
3 0.540625 0.765625 0.05859375 0.046875
3 0.74375 0.7421875 0.11328125 0.0625
3 0.8265625 0.62109375 0.12109375 0.09375
3 0.7640625 0.390625 0.05859375 0.046875
3 0.70703125 0.0875 0.0546875 0.04296875
3 0.7796875 0.25390625 0.06640625 0.0546875
3 0.68125 0.7265625 0.42578125 0.3125
3 0.703125 0.178125 0.125 0.08203125