3 0.4828125 0.4984375 0.88671875 0.99609375
3 0.5875 0.23828125 0.08203125 0.0703125
3 0.625 0.29296875 0.078125 0.046875
3 0.33984375 0.5484375 0.0625 0.05078125
3 0.234375 0.54296875 0.0546875 0.046875
3 0.5078125 0.896875 0.046875 0.04296875
3 0.2125 0.678125 0.12109375 0.09765625
3 0.5 0.4 0.0703125 0.05078125
3 0.7046875 0.834375 0.08984375 0.07421875
3 0.51171875 0.4125 0.1015625 0.08203125
3 0.3921875 0.40234375 0.10546875 0.0703125
3 0.8421875 0.390625 0.05078125 0.0546875
3 0.7640625 0.765625 0.04296875 0.046875
3 0.44921875 0.41015625 0.234375 0.09375
3 0.50390625 0.790625 0.15625 0.09765625
3 0.37109375 0.734375 0.09375 0.1015625
3 0.415625 0.5140625 0.52734375 0.67578125