3 0.48359375 0.5 0.9671875 1
3 0.5640625 0.23203125 0.0875 0.0765625
3 0.60625 0.2828125 0.08125 0.053125
3 0.34453125 0.5625 0.0671875 0.05625
3 0.2390625 0.565625 0.0578125 0.0515625
3 0.5421875 0.89453125 0.05 0.046875
3 0.22890625 0.70234375 0.1296875 0.1078125
3 0.49140625 0.4 0.075 0.05625
3 0.7328125 0.815625 0.0953125 0.08125
3 0.50390625 0.41171875 0.1078125 0.090625
3 0.384375 0.4125 0.1109375 0.0796875
3 0.83125 0.3609375 0.0546875 0.059375
3 0.7859375 0.74140625 0.046875 0.05
3 0.44140625 0.41484375 0.2421875 0.1140625
3 0.52890625 0.7890625 0.1640625 0.1109375
3 0.3921875 0.74453125 0.1015625 0.109375
3 0.4171875 0.52109375 0.584375 0.71875