3 0.50625 0.50625 0.96484375 0.98046875
3 0.5453125 0.7484375 0.10546875 0.05078125
3 0.8984375 0.4828125 0.0546875 0.04296875
3 0.640625 0.696875 0.046875 0.04296875
3 0.259375 0.5078125 0.07421875 0.09375
3 0.7953125 0.446875 0.05859375 0.05078125
3 0.3734375 0.3921875 0.33203125 0.41796875
3 0.609375 0.33203125 0.046875 0.0390625
3 0.3890625 0.14453125 0.07421875 0.1328125
3 0.15 0.5328125 0.09765625 0.08984375
3 0.5453125 0.240625 0.07421875 0.05078125
3 0.4 0.3671875 0.11328125 0.140625
3 0.79296875 0.4515625 0.0859375 0.07421875