3 0.515625 0.509375 0.8359375 0.97265625
3 0.3453125 0.3375 0.16796875 0.16796875
3 0.290625 0.509375 0.37890625 0.97265625
3 0.28125 0.8453125 0.046875 0.04296875
3 0.2796875 0.49375 0.05078125 0.04296875
3 0.57421875 0.4546875 0.046875 0.05078125
3 0.4 0.7125 0.04296875 0.04296875
3 0.29296875 0.0546875 0.0703125 0.0625
3 0.2359375 0.5859375 0.04296875 0.0390625
3 0.57421875 0.82421875 0.046875 0.046875
3 0.3375 0.37890625 0.12109375 0.0859375
3 0.33203125 0.62109375 0.0546875 0.0546875
3 0.3359375 0.146875 0.2734375 0.24609375
3 0.7671875 0.321875 0.05078125 0.05078125
3 0.38671875 0.571875 0.0703125 0.05859375