3 0.515625 0.5046875 0.86875 0.990625
3 0.35078125 0.33203125 0.1734375 0.1734375
3 0.290625 0.50234375 0.4125 0.9859375
3 0.26953125 0.8375 0.0484375 0.0453125
3 0.2796875 0.4859375 0.0515625 0.0453125
3 0.57578125 0.45703125 0.0484375 0.053125
3 0.39296875 0.70859375 0.04375 0.04375
3 0.30859375 0.04765625 0.071875 0.065625
3 0.2328125 0.5765625 0.04375 0.040625
3 0.5625 0.8265625 0.0484375 0.0484375
3 0.3421875 0.3734375 0.1234375 0.090625
3 0.328125 0.61484375 0.05625 0.05625
3 0.3484375 0.14140625 0.28125 0.25625
3 0.7734375 0.33125 0.053125 0.053125
3 0.384375 0.56796875 0.071875 0.0609375