3 0.5171875 0.5 0.86328125 0.9921875
3 0.77734375 0.5640625 0.0859375 0.05859375
3 0.1546875 0.5796875 0.05078125 0.04296875
3 0.6421875 0.396875 0.05859375 0.05078125
3 0.4515625 0.5609375 0.05078125 0.05078125
3 0.90234375 0.553125 0.046875 0.04296875
3 0.55859375 0.9390625 0.0859375 0.05078125
3 0.76953125 0.4625 0.328125 0.29296875
3 0.5078125 0.72265625 0.046875 0.046875
3 0.85546875 0.49609375 0.0625 0.046875
3 0.475 0.94375 0.05859375 0.04296875
3 0.68359375 0.353125 0.0546875 0.05859375
3 0.1546875 0.58203125 0.06640625 0.0625
3 0.4703125 0.6328125 0.05859375 0.046875
3 0.3890625 0.90234375 0.07421875 0.0546875
3 0.50625 0.72265625 0.07421875 0.0703125