3 0.5171875 0.5 0.9625 1
3 0.76875 0.59296875 0.0921875 0.0671875
3 0.1484375 0.54296875 0.0546875 0.0484375
3 0.65234375 0.4125 0.0640625 0.05625
3 0.4453125 0.55546875 0.05625 0.05625
3 0.89453125 0.59453125 0.0515625 0.046875
3 0.5125 0.94296875 0.090625 0.059375
3 0.771875 0.490625 0.35625 0.325
3 0.484375 0.721875 0.0515625 0.0515625
3 0.85390625 0.53359375 0.0671875 0.053125
3 0.42890625 0.9390625 0.0625 0.0484375
3 0.69765625 0.3734375 0.0609375 0.0640625
3 0.14765625 0.5453125 0.071875 0.06875
3 0.45625 0.62890625 0.0625 0.053125
3 0.34765625 0.88828125 0.0796875 0.0625
3 0.4828125 0.721875 0.08125 0.078125