3 0.484375 0.4921875 0.921875 0.953125
3 0.80078125 0.365625 0.075 0.05625
3 0.72265625 0.27109375 0.0546875 0.04375
3 0.30703125 0.2984375 0.10625 0.0921875
3 0.7953125 0.39453125 0.246875 0.3046875
3 0.82109375 0.30078125 0.046875 0.04375
3 0.5703125 0.07265625 0.0640625 0.103125
3 0.709375 0.33828125 0.059375 0.04375
3 0.46015625 0.465625 0.103125 0.071875
3 0.21171875 0.44609375 0.3234375 0.3875
3 0.54609375 0.66484375 0.05625 0.0515625
3 0.83984375 0.509375 0.071875 0.05625
3 0.85234375 0.440625 0.090625 0.0515625
3 0.8578125 0.478125 0.115625 0.1265625
3 0.153125 0.42421875 0.075 0.0484375
3 0.48515625 0.453125 0.878125 0.46875
3 0.1359375 0.4734375 0.0953125 0.06875