3 0.484375 0.4921875 0.90625 0.9375
3 0.803125 0.37109375 0.07421875 0.0546875
3 0.7265625 0.275 0.0546875 0.04296875
3 0.3109375 0.2953125 0.10546875 0.08984375
3 0.796875 0.4 0.2421875 0.30078125
3 0.82421875 0.30625 0.046875 0.04296875
3 0.578125 0.07421875 0.0625 0.1015625
3 0.7125 0.3421875 0.05859375 0.04296875
3 0.4609375 0.46484375 0.1015625 0.0703125
3 0.2125 0.44140625 0.31640625 0.3828125
3 0.54296875 0.665625 0.0546875 0.05078125
3 0.83984375 0.515625 0.0703125 0.0546875
3 0.853125 0.446875 0.08984375 0.05078125
3 0.8578125 0.484375 0.11328125 0.125
3 0.1546875 0.41796875 0.07421875 0.046875
3 0.4859375 0.453125 0.87109375 0.453125
3 0.13671875 0.4671875 0.09375 0.06640625