3 0.5 0.5 1 1
3 0.18203125 0.38828125 0.128125 0.128125
3 0.540625 0.803125 0.08125 0.078125
3 0.20390625 0.415625 0.0640625 0.0640625
3 0.4703125 0.44609375 0.0953125 0.1796875
3 0.47421875 0.3859375 0.05625 0.05625
3 0.8015625 0.8265625 0.184375 0.2578125
3 0.59375 0.81640625 0.2 0.1125
3 0.8125 0.87421875 0.1421875 0.153125
3 0.14453125 0.51953125 0.0609375 0.071875
3 0.6484375 0.84375 0.0671875 0.0578125
3 0.7671875 0.7640625 0.090625 0.1328125
3 0.6984375 0.765625 0.41875 0.3703125
3 0.17734375 0.35625 0.090625 0.0640625