3 0.51171875 0.50390625 0.96875 0.984375
3 0.171875 0.421875 0.1171875 0.1171875
3 0.571875 0.796875 0.07421875 0.0703125
3 0.196875 0.446875 0.05859375 0.05859375
3 0.46484375 0.44921875 0.078125 0.171875
3 0.4625 0.3890625 0.05078125 0.05078125
3 0.834375 0.79296875 0.16015625 0.2421875
3 0.6265625 0.8046875 0.19140625 0.09375
3 0.85 0.83984375 0.12890625 0.140625
3 0.1484375 0.55625 0.0546875 0.06640625
3 0.68359375 0.8265625 0.0625 0.05078125
3 0.79296875 0.734375 0.078125 0.125
3 0.725 0.74375 0.38671875 0.33203125
3 0.1640625 0.390625 0.0859375 0.0546875