3 0.46953125 0.5 0.9390625 1
3 0.69140625 0.50859375 0.071875 0.06875
3 0.4640625 0.8234375 0.084375 0.0734375
3 0.571875 0.41640625 0.06875 0.0640625
3 0.55390625 0.40390625 0.1359375 0.0984375
3 0.459375 0.578125 0.15 0.165625
3 0.7828125 0.46328125 0.1203125 0.090625
3 0.74453125 0.48359375 0.1953125 0.1359375
3 0.76328125 0.609375 0.0921875 0.0609375
3 0.51796875 0.38515625 0.053125 0.053125
3 0.60390625 0.60390625 0.5703125 0.5703125
3 0.8140625 0.4625 0.0484375 0.0453125
3 0.7703125 0.48203125 0.05625 0.0484375
3 0.75234375 0.44609375 0.05625 0.0484375