3 0.46875 0.50390625 0.90625 0.984375
3 0.69140625 0.5015625 0.0703125 0.06640625
3 0.475 0.82421875 0.08203125 0.0703125
3 0.56875 0.4140625 0.06640625 0.0625
3 0.55078125 0.40234375 0.1328125 0.09375
3 0.4625 0.5796875 0.14453125 0.16015625
3 0.78125 0.453125 0.1171875 0.0859375
3 0.74375 0.475 0.19140625 0.12890625
3 0.7671875 0.6 0.08984375 0.05859375
3 0.5140625 0.384375 0.05078125 0.05078125
3 0.6078125 0.6 0.55078125 0.55078125
3 0.8125 0.4515625 0.046875 0.04296875
3 0.76953125 0.47265625 0.0546875 0.046875
3 0.75 0.4375 0.0546875 0.046875