3 0.5 0.515625 0.84375 0.9375
3 0.52734375 0.55078125 0.0546875 0.046875
3 0.5484375 0.06875 0.05078125 0.04296875
3 0.759375 0.45703125 0.04296875 0.0390625
3 0.2046875 0.765625 0.08984375 0.046875
3 0.51171875 0.0953125 0.1171875 0.09765625
3 0.4453125 0.24375 0.1875 0.14453125
3 0.521875 0.18125 0.33984375 0.26953125
3 0.2046875 0.36875 0.06640625 0.06640625
3 0.140625 0.453125 0.0546875 0.046875
3 0.65625 0.265625 0.0703125 0.0703125
3 0.8984375 0.65625 0.0390625 0.078125
3 0.17578125 0.4046875 0.125 0.14453125
3 0.484375 0.00390625 0.046875 0.0078125