3 0.496875 0.5 0.99375 1
3 0.51796875 0.5546875 0.0625 0.05625
3 0.62265625 0.08359375 0.0578125 0.0515625
3 0.76328125 0.50234375 0.0484375 0.0453125
3 0.16328125 0.71015625 0.096875 0.0625
3 0.58203125 0.103125 0.1328125 0.1171875
3 0.490625 0.23828125 0.209375 0.175
3 0.5765625 0.18984375 0.38125 0.325
3 0.23203125 0.31953125 0.0765625 0.0765625
3 0.15390625 0.39140625 0.0625 0.05625
3 0.69453125 0.29609375 0.08125 0.08125
3 0.865625 0.7234375 0.0515625 0.084375
3 0.196875 0.35 0.1484375 0.1640625
3 0.57109375 0.00859375 0.046875 0.015625