3 0.5234375 0.490625 0.859375 0.93359375
3 0.8125 0.609375 0.0703125 0.0546875
3 0.84375 0.365625 0.0625 0.07421875
3 0.375 0.62890625 0.0546875 0.046875
3 0.8984375 0.5 0.078125 0.1015625
3 0.49375 0.5703125 0.08203125 0.0703125
3 0.6 0.3375 0.08984375 0.07421875
3 0.459375 0.384375 0.08984375 0.05859375
3 0.35 0.2421875 0.08203125 0.046875
3 0.15625 0.3734375 0.09375 0.08203125
3 0.4390625 0.3765625 0.13671875 0.08203125
3 0.48046875 0.05078125 0.109375 0.0625
3 0.80859375 0.60546875 0.09375 0.078125