3 0.52421875 0.4921875 0.9078125 0.9765625
3 0.80625 0.62578125 0.0734375 0.0578125
3 0.85 0.38359375 0.065625 0.078125
3 0.36875 0.621875 0.0578125 0.05
3 0.89765625 0.52109375 0.0828125 0.10625
3 0.48984375 0.56953125 0.0859375 0.075
3 0.60859375 0.34296875 0.09375 0.078125
3 0.465625 0.38203125 0.0921875 0.0625
3 0.3640625 0.234375 0.084375 0.0515625
3 0.16328125 0.35546875 0.0984375 0.0875
3 0.4453125 0.3734375 0.140625 0.0890625
3 0.50390625 0.05 0.1125 0.06875
3 0.80234375 0.62109375 0.0984375 0.0828125