3 0.5 0.5 1 1
3 0.57421875 0.7796875 0.096875 0.0640625
3 0.88046875 0.45703125 0.0625 0.059375
3 0.77890625 0.43828125 0.0703125 0.0671875
3 0.6640625 0.71015625 0.0453125 0.0484375
3 0.825 0.446875 0.18125 0.1234375
3 0.4328125 0.47734375 0.2359375 0.3046875
3 0.2765625 0.58671875 0.09375 0.1125
3 0.5109375 0.26875 0.0859375 0.065625
3 0.56796875 0.78046875 0.1515625 0.103125
3 0.51953125 0.771875 0.0546875 0.0578125
3 0.5953125 0.76171875 0.240625 0.165625
3 0.31328125 0.46796875 0.5 0.496875