3 0.5015625 0.5140625 0.93359375 0.96484375
3 0.5296875 0.7875 0.08984375 0.05078125
3 0.8828125 0.5171875 0.0546875 0.05078125
3 0.78515625 0.4828125 0.0625 0.05859375
3 0.62890625 0.7328125 0.0390625 0.04296875
3 0.8296875 0.4984375 0.16796875 0.09765625
3 0.4375 0.4671875 0.1953125 0.27734375
3 0.265625 0.55078125 0.078125 0.1015625
3 0.546875 0.2734375 0.078125 0.0546875
3 0.5234375 0.7875 0.140625 0.08203125
3 0.4765625 0.771875 0.046875 0.05078125
3 0.553125 0.7734375 0.22265625 0.1328125
3 0.3203125 0.4390625 0.4375 0.43359375