3 0.478125 0.50390625 0.93359375 0.9765625
3 0.73046875 0.5375 0.0703125 0.06640625
3 0.5296875 0.49375 0.07421875 0.07421875
3 0.2828125 0.209375 0.05859375 0.07421875
3 0.52734375 0.678125 0.046875 0.05078125
3 0.7484375 0.42578125 0.05859375 0.0546875
3 0.86328125 0.584375 0.046875 0.04296875
3 0.83203125 0.80078125 0.0390625 0.046875
3 0.46875 0.5078125 0.0859375 0.0859375
3 0.49609375 0.5015625 0.1484375 0.10546875
3 0.734375 0.4828125 0.09375 0.18359375
3 0.30625 0.4359375 0.19140625 0.18359375