3 0.5 0.5015625 0.99375 0.996875
3 0.32890625 0.2390625 0.1109375 0.071875
3 0.46171875 0.096875 0.1859375 0.1828125
3 0.315625 0.428125 0.1375 0.06875
3 0.3453125 0.33359375 0.24375 0.278125
3 0.5046875 0.1421875 0.090625 0.0671875
3 0.4296875 0.03125 0.0640625 0.0515625
3 0.2421875 0.259375 0.0390625 0.0359375
3 0.4296875 0.05703125 0.0796875 0.0953125
3 0.2921875 0.31640625 0.05625 0.05625
3 0.4390625 0.38984375 0.0640625 0.05625
3 0.73203125 0.2578125 0.10625 0.0875
3 0.4984375 0.24609375 0.5828125 0.478125