3 0.5 0.50390625 0.9765625 0.984375
3 0.32421875 0.2421875 0.109375 0.0703125
3 0.4546875 0.09765625 0.18359375 0.1796875
3 0.3140625 0.43125 0.13671875 0.06640625
3 0.3421875 0.3359375 0.23828125 0.2734375
3 0.4984375 0.1421875 0.08984375 0.06640625
3 0.421875 0.0328125 0.0625 0.05078125
3 0.23828125 0.2640625 0.0390625 0.03515625
3 0.421875 0.05859375 0.078125 0.09375
3 0.2890625 0.3203125 0.0546875 0.0546875
3 0.4375 0.390625 0.0625 0.0546875
3 0.728125 0.25390625 0.10546875 0.0859375
3 0.49375 0.24609375 0.57421875 0.46875