3 0.5 0.5 1 1
3 0.6828125 0.50234375 0.0875 0.0578125
3 0.5734375 0.84765625 0.1015625 0.078125
3 0.44296875 0.5828125 0.0640625 0.0546875
3 0.6328125 0.59140625 0.059375 0.05
3 0.38515625 0.5328125 0.0921875 0.0625
3 0.721875 0.77421875 0.059375 0.05
3 0.73828125 0.87265625 0.071875 0.05625
3 0.23828125 0.3703125 0.06875 0.059375
3 0.690625 0.68828125 0.1265625 0.0859375
3 0.8453125 0.44453125 0.046875 0.040625
3 0.675 0.8359375 0.0640625 0.0546875
3 0.809375 0.48984375 0.0703125 0.0671875
3 0.4234375 0.8109375 0.0921875 0.0921875
3 0.290625 0.47421875 0.578125 0.7640625
3 0.4546875 0.34375 0.0765625 0.0640625
3 0.64921875 0.4953125 0.309375 0.396875