3 0.51953125 0.50390625 0.953125 0.984375
3 0.68125 0.4765625 0.08203125 0.046875
3 0.62109375 0.834375 0.09375 0.06640625
3 0.4546875 0.58984375 0.05859375 0.046875
3 0.64453125 0.571875 0.0546875 0.04296875
3 0.390625 0.5484375 0.0859375 0.05078125
3 0.7578125 0.740625 0.0546875 0.04296875
3 0.7875 0.8359375 0.06640625 0.046875
3 0.22265625 0.4078125 0.0625 0.05078125
3 0.71484375 0.66015625 0.1171875 0.0703125
3 0.834375 0.396875 0.04296875 0.03515625
3 0.7203125 0.80859375 0.05859375 0.046875
3 0.8046875 0.446875 0.0625 0.05859375
3 0.4671875 0.81875 0.08203125 0.08203125
3 0.2890625 0.50390625 0.484375 0.703125
3 0.43359375 0.3515625 0.0703125 0.0546875
3 0.646875 0.475 0.26171875 0.36328125