3 0.5 0.5 1 1
3 0.8265625 0.6140625 0.065625 0.0625
3 0.9140625 0.67265625 0.06875 0.0546875
3 0.525 0.34609375 0.1203125 0.146875
3 0.63125 0.31953125 0.08125 0.0625
3 0.66875 0.45859375 0.0609375 0.053125
3 0.35078125 0.521875 0.5046875 0.496875
3 0.86875 0.64140625 0.175 0.1421875
3 0.48828125 0.8796875 0.096875 0.059375
3 0.48515625 0.66328125 0.10625 0.0953125
3 0.47421875 0.4328125 0.109375 0.0953125
3 0.29453125 0.434375 0.0625 0.06875
3 0.3046875 0.53359375 0.1796875 0.0953125
3 0.46015625 0.48046875 0.1578125 0.1984375
3 0.34375 0.62421875 0.125 0.0875
3 0.184375 0.5984375 0.1390625 0.1234375