3 0.50390625 0.5078125 0.984375 0.9765625
3 0.8203125 0.63125 0.0625 0.05859375
3 0.9046875 0.69375 0.06640625 0.05078125
3 0.5328125 0.34765625 0.11328125 0.140625
3 0.640625 0.3265625 0.078125 0.05859375
3 0.6703125 0.4671875 0.05859375 0.05078125
3 0.35 0.5140625 0.48046875 0.47265625
3 0.8609375 0.66015625 0.16796875 0.1328125
3 0.46875 0.87890625 0.09375 0.0546875
3 0.4765625 0.6625 0.1015625 0.08984375
3 0.478125 0.43125 0.10546875 0.08984375
3 0.2984375 0.4234375 0.05859375 0.06640625
3 0.303125 0.5234375 0.17578125 0.0859375
3 0.4609375 0.478125 0.1484375 0.19140625
3 0.3375 0.615625 0.12109375 0.08203125
3 0.1796875 0.58203125 0.1328125 0.1171875