3 0.478125 0.5 0.91796875 0.9921875
3 0.6078125 0.25 0.08984375 0.0625
3 0.7421875 0.8140625 0.0546875 0.04296875
3 0.6953125 0.2984375 0.046875 0.04296875
3 0.5296875 0.3765625 0.06640625 0.05859375
3 0.6484375 0.38671875 0.0859375 0.0625
3 0.5390625 0.65 0.0546875 0.04296875
3 0.734375 0.146875 0.0546875 0.04296875
3 0.678125 0.625 0.05078125 0.0390625
3 0.8109375 0.1171875 0.05859375 0.0390625
3 0.834375 0.4828125 0.06640625 0.05078125
3 0.3203125 0.78515625 0.0859375 0.0625
3 0.0796875 0.571875 0.05078125 0.04296875
3 0.3921875 0.5796875 0.05859375 0.05078125
3 0.796875 0.61328125 0.046875 0.0390625
3 0.63671875 0.321875 0.2890625 0.21484375
3 0.678125 0.61875 0.08984375 0.07421875