3 0.478125 0.5 0.934375 1
3 0.603125 0.2484375 0.090625 0.0640625
3 0.74765625 0.81015625 0.0546875 0.04375
3 0.69140625 0.2953125 0.046875 0.04375
3 0.52734375 0.37578125 0.0671875 0.059375
3 0.64609375 0.384375 0.0875 0.0640625
3 0.54140625 0.64921875 0.0546875 0.04375
3 0.728125 0.14296875 0.0546875 0.04375
3 0.68046875 0.621875 0.0515625 0.040625
3 0.80390625 0.11171875 0.059375 0.040625
3 0.834375 0.47734375 0.0671875 0.0515625
3 0.325 0.78828125 0.0875 0.0640625
3 0.08125 0.57890625 0.0515625 0.04375
3 0.39375 0.58125 0.059375 0.0515625
3 0.7984375 0.6078125 0.046875 0.040625
3 0.63359375 0.31953125 0.2921875 0.2203125
3 0.68046875 0.615625 0.090625 0.075