3 0.5453125 0.27578125 0.084375 0.0734375
3 0.571875 0.540625 0.08125 0.0734375
3 0.5 0.5 1 1
3 0.64609375 0.1546875 0.053125 0.0484375
3 0.40390625 0.7078125 0.0609375 0.053125
3 0.50234375 0.2328125 0.0484375 0.0453125
3 0.64140625 0.26171875 0.053125 0.053125
3 0.59609375 0.2234375 0.25625 0.196875
3 0.37890625 0.7953125 0.0765625 0.0765625
3 0.75390625 0.41953125 0.084375 0.06875
3 0.68671875 0.19765625 0.0515625 0.0453125
3 0.36796875 0.6390625 0.05625 0.0609375
3 0.3921875 0.32421875 0.05625 0.0484375
3 0.57109375 0.73828125 0.071875 0.0609375
3 0.5359375 0.453125 0.0609375 0.053125
3 0.57890625 0.46953125 0.590625 0.7296875