3 0.553125 0.27734375 0.08203125 0.0703125
3 0.5703125 0.54296875 0.078125 0.0703125
3 0.5 0.5 0.96875 0.9921875
3 0.6578125 0.16015625 0.05078125 0.046875
3 0.396875 0.7046875 0.05859375 0.05078125
3 0.51171875 0.2328125 0.046875 0.04296875
3 0.65 0.2671875 0.05078125 0.05078125
3 0.60546875 0.2265625 0.25 0.1875
3 0.36875 0.790625 0.07421875 0.07421875
3 0.75625 0.428125 0.08203125 0.06640625
3 0.696875 0.2046875 0.05078125 0.04296875
3 0.36328125 0.634375 0.0546875 0.05859375
3 0.3984375 0.3203125 0.0546875 0.046875
3 0.5625 0.740625 0.0703125 0.05859375
3 0.5375 0.4546875 0.05859375 0.05078125
3 0.5796875 0.47265625 0.56640625 0.7109375