3 0.21953125 0.49765625 0.0546875 0.0546875
3 0.44453125 0.39609375 0.075 0.0640625
3 0.5046875 0.5 0.990625 1
3 0.1828125 0.721875 0.0671875 0.0625
3 0.79375 0.21875 0.059375 0.0734375
3 0.45390625 0.375 0.1640625 0.1203125
3 0.23203125 0.87890625 0.0859375 0.0640625
3 0.246875 0.4 0.078125 0.059375
3 0.8 0.221875 0.0921875 0.1578125
3 0.428125 0.38671875 0.1109375 0.0890625
3 0.13359375 0.646875 0.0578125 0.05
3 0.79375 0.271875 0.0578125 0.046875
3 0.503125 0.36328125 0.0546875 0.05
3 0.2203125 0.8890625 0.11875 0.096875
3 0.59453125 0.57890625 0.0625 0.0546875
3 0.81328125 0.16171875 0.0421875 0.0421875
3 0.40234375 0.55546875 0.246875 0.3125
3 0.70625 0.325 0.0796875 0.0796875
3 0.40859375 0.36796875 0.06875 0.0515625