3 0.2203125 0.5171875 0.05078125 0.05078125
3 0.4375 0.4 0.0703125 0.05859375
3 0.5078125 0.49609375 0.9296875 0.984375
3 0.19921875 0.74375 0.0625 0.05859375
3 0.7734375 0.19921875 0.0546875 0.0703125
3 0.4453125 0.37890625 0.15625 0.109375
3 0.259375 0.896875 0.08203125 0.05859375
3 0.240625 0.41796875 0.07421875 0.0546875
3 0.7796875 0.2015625 0.08203125 0.15234375
3 0.4203125 0.3921875 0.10546875 0.08203125
3 0.14453125 0.671875 0.0546875 0.046875
3 0.77734375 0.2515625 0.0546875 0.04296875
3 0.49375 0.36328125 0.05078125 0.046875
3 0.2484375 0.9078125 0.11328125 0.08984375
3 0.6 0.571875 0.05859375 0.05078125
3 0.7890625 0.140625 0.0390625 0.0390625
3 0.40625 0.5625 0.2265625 0.296875
3 0.69375 0.3109375 0.07421875 0.07421875
3 0.4 0.375 0.06640625 0.046875