3 0.50703125 0.5 0.9859375 1
3 0.55078125 0.5359375 0.065625 0.0625
3 0.2671875 0.44609375 0.0703125 0.0703125
3 0.65390625 0.109375 0.0609375 0.0578125
3 0.80078125 0.3078125 0.053125 0.053125
3 0.5953125 0.053125 0.0921875 0.065625
3 0.48828125 0.3140625 0.1140625 0.0796875
3 0.3921875 0.2296875 0.0578125 0.0578125
3 0.5234375 0.20625 0.0578125 0.065625
3 0.3953125 0.32578125 0.3828125 0.31875
3 0.34296875 0.3921875 0.0625 0.0625
3 0.41640625 0.36328125 0.0640625 0.05
3 0.84375 0.36328125 0.053125 0.05625
3 0.7046875 0.2171875 0.103125 0.0859375
3 0.353125 0.32734375 0.084375 0.0578125
3 0.54296875 0.36953125 0.696875 0.503125