3 0.51953125 0.5171875 0.890625 0.95703125
3 0.5453125 0.54296875 0.05859375 0.0546875
3 0.27734375 0.4140625 0.0625 0.0625
3 0.70703125 0.134375 0.0546875 0.05078125
3 0.82421875 0.3515625 0.046875 0.046875
3 0.65625 0.0703125 0.0859375 0.0546875
3 0.5140625 0.3140625 0.10546875 0.06640625
3 0.43125 0.2171875 0.05078125 0.05078125
3 0.5640625 0.2125 0.05078125 0.05859375
3 0.4203125 0.3125 0.34765625 0.2734375
3 0.359375 0.37109375 0.0546875 0.0546875
3 0.4359375 0.353125 0.05859375 0.04296875
3 0.859375 0.4125 0.046875 0.05078125
3 0.7421875 0.2484375 0.09375 0.07421875
3 0.37890625 0.30859375 0.078125 0.046875
3 0.5609375 0.3765625 0.64453125 0.41796875