3 0.5125 0.5 0.975 1
3 0.5 0.31328125 0.0515625 0.0546875
3 0.375 0.23515625 0.146875 0.1609375
3 0.28359375 0.46328125 0.0671875 0.0578125
3 0.88359375 0.6640625 0.0421875 0.0390625
3 0.38828125 0.4015625 0.065625 0.0453125
3 0.2765625 0.23125 0.05 0.040625
3 0.24765625 0.296875 0.1046875 0.0796875
3 0.67734375 0.8484375 0.0875 0.0703125
3 0.8171875 0.5296875 0.0953125 0.0640625
3 0.39609375 0.27578125 0.0890625 0.075
3 0.42421875 0.53125 0.0796875 0.0703125
3 0.26640625 0.29296875 0.0671875 0.0578125