3 0.52734375 0.4984375 0.90625 0.99609375
3 0.48046875 0.3140625 0.046875 0.05078125
3 0.34765625 0.25 0.1328125 0.1484375
3 0.28125 0.4859375 0.0625 0.05078125
3 0.8984375 0.6234375 0.0390625 0.03515625
3 0.37890625 0.4140625 0.0625 0.0390625
3 0.25 0.25625 0.046875 0.03515625
3 0.228125 0.32421875 0.09765625 0.0703125
3 0.7125 0.828125 0.08203125 0.0625
3 0.81875 0.49609375 0.08984375 0.0546875
3 0.3734375 0.2875 0.08203125 0.06640625
3 0.428125 0.5390625 0.07421875 0.0625
3 0.24609375 0.31875 0.0625 0.05078125