3 0.51171875 0.4140625 0.8984375 0.8046875
3 0.69375 0.55625 0.08984375 0.06640625
3 0.853125 0.49375 0.05859375 0.05078125
3 0.4921875 0.43125 0.2109375 0.09765625
3 0.77734375 0.64453125 0.0703125 0.046875
3 0.2640625 0.521875 0.08984375 0.04296875
3 0.37109375 0.30625 0.2265625 0.15234375
3 0.68359375 0.7203125 0.0625 0.04296875
3 0.2203125 0.40625 0.05859375 0.0546875
3 0.4453125 0.428125 0.109375 0.08984375
3 0.12109375 0.44921875 0.0625 0.0546875
3 0.62109375 0.1859375 0.125 0.05859375
3 0.540625 0.446875 0.10546875 0.05859375