3 0.503125 0.4265625 0.965625 0.853125
3 0.69765625 0.5390625 0.0953125 0.0734375
3 0.8515625 0.46328125 0.0625 0.05625
3 0.4859375 0.43203125 0.21875 0.115625
3 0.7890625 0.61953125 0.0734375 0.053125
3 0.2671875 0.5421875 0.09375 0.05
3 0.3546875 0.31796875 0.2390625 0.171875
3 0.70234375 0.703125 0.065625 0.0484375
3 0.21328125 0.43125 0.0625 0.059375
3 0.4390625 0.4328125 0.1171875 0.0984375
3 0.11796875 0.4828125 0.0671875 0.059375
3 0.59296875 0.1765625 0.1296875 0.06875
3 0.5359375 0.44375 0.1109375 0.0671875