3 0.49921875 0.475 0.9890625 0.9265625
3 0.92890625 0.459375 0.0671875 0.04375
3 0.828125 0.28671875 0.0484375 0.05625
3 0.13125 0.515625 0.0515625 0.04375
3 0.775 0.6515625 0.046875 0.0359375
3 0.6953125 0.41875 0.0671875 0.04375
3 0.2734375 0.72890625 0.0796875 0.0515625
3 0.17265625 0.45390625 0.0546875 0.0359375
3 0.23046875 0.5109375 0.05625 0.0484375
3 0.33046875 0.2546875 0.059375 0.040625
3 0.8109375 0.48046875 0.075 0.04375
3 0.315625 0.4109375 0.075 0.0640625
3 0.18203125 0.36015625 0.071875 0.059375
3 0.27265625 0.30703125 0.046875 0.04375
3 0.453125 0.41484375 0.1375 0.0921875