3 0.4984375 0.475 0.97265625 0.91015625
3 0.928125 0.4515625 0.06640625 0.04296875
3 0.82421875 0.28125 0.046875 0.0546875
3 0.13125 0.521875 0.05078125 0.04296875
3 0.77734375 0.646875 0.046875 0.03515625
3 0.69375 0.415625 0.06640625 0.04296875
3 0.27734375 0.7328125 0.078125 0.05078125
3 0.171875 0.459375 0.0546875 0.03515625
3 0.23046875 0.515625 0.0546875 0.046875
3 0.3265625 0.2578125 0.05859375 0.0390625
3 0.8109375 0.475 0.07421875 0.04296875
3 0.3140625 0.4140625 0.07421875 0.0625
3 0.1796875 0.365625 0.0703125 0.05859375
3 0.26953125 0.3109375 0.046875 0.04296875
3 0.4515625 0.415625 0.13671875 0.08984375