3 0.51171875 0.50625 0.96875 0.98046875
3 0.31875 0.2796875 0.12109375 0.07421875
3 0.44140625 0.4453125 0.0625 0.046875
3 0.3265625 0.4984375 0.11328125 0.05078125
3 0.4 0.18359375 0.05859375 0.0625
3 0.44140625 0.1171875 0.1484375 0.203125
3 0.3921875 0.38671875 0.05078125 0.046875
3 0.76171875 0.3125 0.109375 0.09375
3 0.35546875 0.38671875 0.234375 0.296875
3 0.2171875 0.30078125 0.04296875 0.0390625
3 0.4390625 0.0453125 0.06640625 0.05859375
3 0.2796875 0.3671875 0.07421875 0.0625
3 0.3765625 0.27734375 0.28515625 0.5234375
3 0.5234375 0.3515625 0.5859375 0.3671875
3 0.328125 0.49609375 0.1484375 0.0859375