3 0.5 0.5 1 1
3 0.334375 0.26796875 0.1265625 0.0828125
3 0.4453125 0.44140625 0.065625 0.0515625
3 0.32734375 0.48671875 0.1171875 0.0578125
3 0.42265625 0.17734375 0.0625 0.0671875
3 0.46796875 0.1140625 0.1625 0.2125
3 0.4 0.3796875 0.0546875 0.05
3 0.77421875 0.33125 0.115625 0.1015625
3 0.3640625 0.3765625 0.2546875 0.3125
3 0.23203125 0.28125 0.0453125 0.0421875
3 0.47109375 0.0421875 0.0703125 0.0625
3 0.28984375 0.35234375 0.078125 0.0671875
3 0.39140625 0.2703125 0.3203125 0.540625
3 0.53359375 0.35390625 0.609375 0.4078125
3 0.32890625 0.484375 0.1546875 0.0953125