3 0.50625 0.50546875 0.934375 0.9890625
3 0.56796875 0.28359375 0.0515625 0.05625
3 0.21953125 0.1078125 0.0640625 0.0515625
3 0.22890625 0.425 0.1859375 0.38125
3 0.2421875 0.584375 0.0671875 0.059375
3 0.52265625 0.5453125 0.0515625 0.0515625
3 0.203125 0.290625 0.0796875 0.103125
3 0.27109375 0.37265625 0.0875 0.075
3 0.2421875 0.5046875 0.071875 0.05625
3 0.6765625 0.32890625 0.040625 0.046875
3 0.4046875 0.390625 0.5859375 0.490625
3 0.38671875 0.18125 0.04375 0.0390625
3 0.5203125 0.3140625 0.0484375 0.0515625
3 0.37421875 0.22890625 0.0484375 0.0484375
3 0.25703125 0.44140625 0.0640625 0.0484375
3 0.38125 0.20703125 0.0796875 0.0984375
3 0.103125 0.06953125 0.0828125 0.0796875
3 0.175 0.44921875 0.0640625 0.0515625