3 0.50625 0.50625 0.91796875 0.97265625
3 0.571875 0.28515625 0.05078125 0.0546875
3 0.2265625 0.103125 0.0625 0.05078125
3 0.23046875 0.4203125 0.1796875 0.37890625
3 0.240625 0.5796875 0.06640625 0.05859375
3 0.521875 0.5453125 0.05078125 0.05078125
3 0.20703125 0.28515625 0.078125 0.1015625
3 0.2734375 0.36875 0.0859375 0.07421875
3 0.2421875 0.5 0.0703125 0.0546875
3 0.6796875 0.33203125 0.0390625 0.046875
3 0.40625 0.3890625 0.578125 0.48046875
3 0.3921875 0.1796875 0.04296875 0.0390625
3 0.5234375 0.3140625 0.046875 0.05078125
3 0.37890625 0.2265625 0.046875 0.046875
3 0.2578125 0.4375 0.0625 0.046875
3 0.38671875 0.2046875 0.078125 0.09765625
3 0.1109375 0.0625 0.08203125 0.078125
3 0.17578125 0.44375 0.0625 0.05078125