3 0.49609375 0.50703125 0.9859375 0.9859375
3 0.56640625 0.64140625 0.08125 0.0671875
3 0.84296875 0.65 0.06875 0.0578125
3 0.46171875 0.521875 0.1140625 0.1
3 0.17109375 0.1609375 0.0609375 0.0578125
3 0.4140625 0.13515625 0.0578125 0.0609375
3 0.19921875 0.20703125 0.05 0.0578125
3 0.440625 0.48359375 0.1578125 0.1875
3 0.21328125 0.22578125 0.178125 0.203125
3 0.26484375 0.26328125 0.075 0.0859375
3 0.0375 0.1015625 0.0734375 0.0734375
3 0.84453125 0.65390625 0.0984375 0.0828125
3 0.1828125 0.27578125 0.0578125 0.06875
3 0.36796875 0.40390625 0.4953125 0.60625