3 0.49609375 0.5171875 0.9375 0.95703125
3 0.55859375 0.64453125 0.078125 0.0625
3 0.834375 0.66796875 0.06640625 0.0546875
3 0.4609375 0.51953125 0.109375 0.09375
3 0.1890625 0.14453125 0.05859375 0.0546875
3 0.43359375 0.13125 0.0546875 0.05859375
3 0.21484375 0.19140625 0.046875 0.0546875
3 0.44140625 0.48046875 0.1484375 0.1796875
3 0.228125 0.2109375 0.16796875 0.1953125
3 0.27734375 0.2515625 0.0703125 0.08203125
3 0.05859375 0.078125 0.0703125 0.0703125
3 0.8359375 0.671875 0.09375 0.078125
3 0.1953125 0.259375 0.0546875 0.06640625
3 0.3734375 0.396875 0.46484375 0.58203125