3 0.48046875 0.5015625 0.9140625 0.98828125
3 0.30078125 0.5078125 0.1171875 0.109375
3 0.646875 0.86875 0.08984375 0.05859375
3 0.58203125 0.771875 0.1796875 0.08203125
3 0.39453125 0.3140625 0.1328125 0.06640625
3 0.4296875 0.59375 0.0625 0.078125
3 0.65625 0.42578125 0.078125 0.078125
3 0.3296875 0.7515625 0.07421875 0.05859375
3 0.803125 0.4375 0.07421875 0.078125
3 0.771875 0.8734375 0.06640625 0.05078125
3 0.146875 0.578125 0.05859375 0.046875
3 0.428125 0.490625 0.08203125 0.06640625
3 0.56640625 0.2484375 0.0703125 0.08203125