3 0.48046875 0.5 0.9484375 1
3 0.30078125 0.50078125 0.1203125 0.1140625
3 0.63359375 0.8734375 0.0921875 0.0609375
3 0.57265625 0.77421875 0.1828125 0.0875
3 0.40078125 0.31015625 0.134375 0.0703125
3 0.4265625 0.59140625 0.065625 0.0796875
3 0.65859375 0.43125 0.08125 0.08125
3 0.32109375 0.7453125 0.0765625 0.0609375
3 0.80546875 0.4484375 0.0765625 0.08125
3 0.75859375 0.8828125 0.06875 0.053125
3 0.14453125 0.565625 0.0609375 0.0484375
3 0.428125 0.48828125 0.084375 0.06875
3 0.575 0.25078125 0.0734375 0.084375