3 0.48359375 0.5 0.9671875 1
3 0.2 0.66875 0.103125 0.0625
3 0.50234375 0.0546875 0.115625 0.0984375
3 0.2875 0.74609375 0.1375 0.09375
3 0.30625 0.38203125 0.046875 0.04375
3 0.378125 0.45859375 0.0625 0.0421875
3 0.30546875 0.8375 0.0921875 0.06875
3 0.6796875 0.4265625 0.18125 0.10625
3 0.29140625 0.78671875 0.1515625 0.1828125
3 0.41484375 0.26640625 0.1484375 0.125
3 0.43828125 0.83046875 0.059375 0.0453125
3 0.503125 0.12578125 0.0890625 0.071875
3 0.62265625 0.34453125 0.04375 0.0390625
3 0.80234375 0.54140625 0.071875 0.0625
3 0.21640625 0.37109375 0.0921875 0.06875
3 0.7484375 0.85703125 0.059375 0.05
3 0.50390625 0.86796875 0.171875 0.0625
3 0.5046875 0.3953125 0.05625 0.0484375
3 0.15234375 0.6171875 0.0515625 0.0515625
3 0.36171875 0.7546875 0.45625 0.3578125