3 0.4828125 0.5078125 0.85546875 0.9765625
3 0.18125 0.63125 0.09765625 0.05078125
3 0.55625 0.05859375 0.10546875 0.0859375
3 0.259375 0.71875 0.12890625 0.078125
3 0.321875 0.359375 0.04296875 0.0390625
3 0.384375 0.44375 0.05859375 0.03515625
3 0.265625 0.8109375 0.0859375 0.05859375
3 0.6875 0.44921875 0.171875 0.0859375
3 0.2578125 0.759375 0.1328125 0.16796875
3 0.44375 0.2578125 0.13671875 0.109375
3 0.3984375 0.8203125 0.0546875 0.0390625
3 0.5484375 0.12890625 0.08203125 0.0625
3 0.640625 0.3609375 0.0390625 0.03515625
3 0.7953125 0.578125 0.06640625 0.0546875
3 0.234375 0.3375 0.0859375 0.05859375
3 0.703125 0.884375 0.0546875 0.04296875
3 0.459375 0.865625 0.16796875 0.04296875
3 0.5171875 0.396875 0.05078125 0.04296875
3 0.140625 0.57421875 0.046875 0.046875
3 0.33203125 0.7359375 0.421875 0.30859375