3 0.50390625 0.4984375 0.8515625 0.95703125
3 0.50390625 0.5921875 0.15625 0.09765625
3 0.35 0.66796875 0.06640625 0.0546875
3 0.54296875 0.2359375 0.0625 0.05078125
3 0.47265625 0.5015625 0.109375 0.06640625
3 0.64453125 0.50390625 0.125 0.1328125
3 0.18359375 0.57421875 0.0546875 0.0625
3 0.4453125 0.665625 0.046875 0.04296875
3 0.5375 0.36328125 0.07421875 0.0625
3 0.63671875 0.4765625 0.0859375 0.0703125
3 0.64453125 0.5375 0.109375 0.06640625
3 0.2171875 0.696875 0.09765625 0.07421875
3 0.5453125 0.23828125 0.08984375 0.078125