3 0.503125 0.5 0.915625 1
3 0.49765625 0.5921875 0.1625 0.1078125
3 0.33828125 0.65703125 0.0703125 0.059375
3 0.5609375 0.23984375 0.065625 0.0546875
3 0.47265625 0.5 0.1140625 0.0734375
3 0.64375 0.5140625 0.134375 0.140625
3 0.17890625 0.55234375 0.059375 0.065625
3 0.43359375 0.66171875 0.05 0.046875
3 0.546875 0.36640625 0.078125 0.0671875
3 0.63828125 0.4859375 0.090625 0.0765625
3 0.64140625 0.54765625 0.1140625 0.0734375
3 0.20390625 0.6765625 0.103125 0.08125
3 0.56328125 0.2421875 0.0953125 0.084375