3 0.478125 0.49609375 0.88671875 0.9765625
3 0.525 0.34375 0.04296875 0.046875
3 0.81640625 0.5859375 0.046875 0.0390625
3 0.8609375 0.68359375 0.11328125 0.1640625
3 0.578125 0.11328125 0.0625 0.0859375
3 0.8421875 0.72265625 0.07421875 0.0859375
3 0.84765625 0.59765625 0.1484375 0.34375
3 0.09375 0.40234375 0.046875 0.0546875
3 0.83203125 0.4828125 0.1015625 0.10546875
3 0.51171875 0.0875 0.1875 0.16015625
3 0.865625 0.5375 0.07421875 0.07421875
3 0.8828125 0.64453125 0.0703125 0.0859375
3 0.56875 0.13125 0.04296875 0.05078125
3 0.071875 0.54296875 0.05078125 0.0546875
3 0.771875 0.34375 0.08984375 0.078125
3 0.0875 0.53515625 0.08984375 0.0703125
3 0.678125 0.2578125 0.05078125 0.0546875
3 0.525 0.3453125 0.06640625 0.06640625