3 0.48828125 0.5 0.9765625 1
3 0.50546875 0.3421875 0.0484375 0.0515625
3 0.82421875 0.546875 0.0515625 0.04375
3 0.88046875 0.63828125 0.1328125 0.1765625
3 0.53046875 0.10703125 0.071875 0.0921875
3 0.86640625 0.67890625 0.084375 0.09375
3 0.85703125 0.5546875 0.1890625 0.359375
3 0.08515625 0.45234375 0.053125 0.059375
3 0.82734375 0.4421875 0.1140625 0.1171875
3 0.4609375 0.08984375 0.20625 0.1796875
3 0.8671875 0.49296875 0.0828125 0.0828125
3 0.89765625 0.596875 0.0796875 0.09375
3 0.5234375 0.12578125 0.0484375 0.05625
3 0.08046875 0.59453125 0.0578125 0.0609375
3 0.75078125 0.31171875 0.0984375 0.0890625
3 0.09453125 0.58515625 0.0984375 0.08125
3 0.64765625 0.23828125 0.0578125 0.0609375
3 0.50625 0.34375 0.0734375 0.0734375