3 0.5 0.51171875 0.8984375 0.96875
3 0.66796875 0.6734375 0.15625 0.08984375
3 0.2046875 0.8421875 0.05859375 0.05078125
3 0.796875 0.29296875 0.046875 0.0546875
3 0.678125 0.6859375 0.05078125 0.05078125
3 0.75625 0.265625 0.12890625 0.1171875
3 0.1390625 0.66015625 0.07421875 0.0546875
3 0.625 0.6640625 0.0625 0.046875
3 0.5328125 0.196875 0.04296875 0.05078125
3 0.484375 0.48046875 0.046875 0.046875
3 0.13671875 0.55078125 0.0703125 0.0625
3 0.740625 0.2875 0.03515625 0.04296875
3 0.17578125 0.4625 0.0546875 0.05078125
3 0.1625 0.6625 0.21484375 0.46484375
3 0.1078125 0.7125 0.07421875 0.07421875
3 0.0859375 0.5921875 0.0546875 0.05859375