3 0.5 0.5 1 1
3 0.69296875 0.6453125 0.16875 0.1125
3 0.26171875 0.884375 0.065625 0.059375
3 0.7609375 0.24921875 0.0546875 0.0609375
3 0.7046875 0.65546875 0.0578125 0.0578125
3 0.71640625 0.228125 0.1453125 0.1359375
3 0.16875 0.71484375 0.08125 0.065625
3 0.64921875 0.6421875 0.06875 0.05625
3 0.48515625 0.1953125 0.05 0.05625
3 0.48125 0.4828125 0.053125 0.053125
3 0.14921875 0.60703125 0.0796875 0.0734375
3 0.7046875 0.25234375 0.0421875 0.0484375
3 0.17421875 0.5140625 0.0625 0.059375
3 0.1921875 0.71328125 0.284375 0.4921875
3 0.14609375 0.77109375 0.084375 0.084375
3 0.10546875 0.65546875 0.0625 0.0671875