3 0.49375 0.5140625 0.93359375 0.96484375
3 0.240625 0.509375 0.06640625 0.05859375
3 0.8375 0.453125 0.05078125 0.046875
3 0.7484375 0.14453125 0.05859375 0.0546875
3 0.3296875 0.45703125 0.06640625 0.0546875
3 0.44140625 0.365625 0.296875 0.24609375
3 0.41015625 0.41796875 0.0625 0.046875
3 0.51171875 0.3578125 0.078125 0.05078125
3 0.765625 0.5453125 0.1171875 0.05859375
3 0.525 0.609375 0.05859375 0.046875
3 0.3375 0.384375 0.07421875 0.04296875
3 0.6703125 0.0609375 0.09765625 0.06640625
3 0.796875 0.5 0.1796875 0.1640625
3 0.5484375 0.4375 0.68359375 0.3984375
3 0.8125 0.28515625 0.046875 0.046875
3 0.4046875 0.290625 0.04296875 0.04296875
3 0.8609375 0.5484375 0.04296875 0.04296875
3 0.50390625 0.3671875 0.109375 0.0703125
3 0.5609375 0.271875 0.05859375 0.05078125