3 0.5 0.5 1 1
3 0.2453125 0.55 0.075 0.06875
3 0.82578125 0.40078125 0.0578125 0.0546875
3 0.68984375 0.11015625 0.0671875 0.0625
3 0.325 0.484375 0.0734375 0.0640625
3 0.42109375 0.3765625 0.33125 0.2890625
3 0.3984375 0.4328125 0.06875 0.05625
3 0.4890625 0.3578125 0.084375 0.0625
3 0.76953125 0.503125 0.125 0.0765625
3 0.5421875 0.60390625 0.065625 0.0546875
3 0.32109375 0.4109375 0.0796875 0.0546875
3 0.5984375 0.03984375 0.10625 0.0796875
3 0.79296875 0.45390625 0.203125 0.190625
3 0.53828125 0.43046875 0.7375 0.5
3 0.775 0.2390625 0.053125 0.053125
3 0.3734375 0.3078125 0.0484375 0.0484375
3 0.8640625 0.49140625 0.0484375 0.0484375
3 0.4828125 0.36796875 0.11875 0.0859375
3 0.52421875 0.26484375 0.065625 0.059375