3 0.49453125 0.48828125 0.9890625 0.9765625
3 0.63984375 0.21640625 0.1046875 0.078125
3 0.51484375 0.61796875 0.0515625 0.0484375
3 0.3953125 0.55625 0.05625 0.053125
3 0.63828125 0.56796875 0.0515625 0.0484375
3 0.66953125 0.34375 0.0859375 0.075
3 0.553125 0.3453125 0.0640625 0.0578125
3 0.7671875 0.10078125 0.0640625 0.053125
3 0.1328125 0.575 0.0640625 0.0578125
3 0.29453125 0.78515625 0.0859375 0.0796875
3 0.73984375 0.53203125 0.0515625 0.0484375
3 0.6078125 0.621875 0.05625 0.0484375
3 0.7546875 0.38046875 0.0640625 0.0578125
3 0.57109375 0.578125 0.425 0.196875
3 0.565625 0.425 0.490625 0.51875
3 0.56171875 0.346875 0.0984375 0.08125