3 0.49296875 0.4625 0.8953125 0.925
3 0.6734375 0.2359375 0.09765625 0.06640625
3 0.5 0.61875 0.046875 0.04296875
3 0.3890625 0.54296875 0.05078125 0.046875
3 0.62890625 0.584375 0.046875 0.04296875
3 0.6875 0.365625 0.078125 0.06640625
3 0.571875 0.353125 0.05859375 0.05078125
3 0.8140625 0.13671875 0.05859375 0.046875
3 0.1265625 0.5296875 0.05859375 0.05078125
3 0.26171875 0.7578125 0.078125 0.0703125
3 0.734375 0.5609375 0.046875 0.04296875
3 0.5921875 0.634375 0.05078125 0.04296875
3 0.7671875 0.4125 0.05859375 0.05078125
3 0.5609375 0.5859375 0.41015625 0.1484375
3 0.57421875 0.43359375 0.4375 0.46875
3 0.5796875 0.35546875 0.08984375 0.0703125