3 0.5 0.5 1 1
3 0.8359375 0.4859375 0.0734375 0.059375
3 0.70390625 0.28046875 0.10625 0.0796875
3 0.39453125 0.465625 0.05 0.05625
3 0.40546875 0.6671875 0.1203125 0.1
3 0.303125 0.61484375 0.4890625 0.56875
3 0.2234375 0.59765625 0.146875 0.1046875
3 0.540625 0.51015625 0.0515625 0.0453125
3 0.33359375 0.45078125 0.0578125 0.0578125
3 0.425 0.609375 0.0546875 0.0609375
3 0.17421875 0.71015625 0.06875 0.059375
3 0.6578125 0.1921875 0.0671875 0.0515625
3 0.2375 0.7359375 0.0859375 0.0765625
3 0.1828125 0.61171875 0.059375 0.0765625