3 0.5171875 0.50390625 0.91796875 0.984375
3 0.834375 0.5328125 0.06640625 0.05078125
3 0.7328125 0.3109375 0.09765625 0.06640625
3 0.4 0.4515625 0.04296875 0.05078125
3 0.3828125 0.65234375 0.109375 0.0859375
3 0.2890625 0.5859375 0.421875 0.515625
3 0.2125 0.55859375 0.13671875 0.0859375
3 0.5390625 0.515625 0.046875 0.0390625
3 0.3421875 0.428125 0.05078125 0.05078125
3 0.41015625 0.59765625 0.046875 0.0546875
3 0.1484375 0.6625 0.0625 0.05078125
3 0.69921875 0.2171875 0.0625 0.04296875
3 0.20703125 0.696875 0.078125 0.06640625
3 0.1703125 0.56640625 0.05078125 0.0703125