3 0.5015625 0.48828125 0.97265625 0.921875
3 0.37109375 0.62109375 0.0625 0.0625
3 0.553125 0.2828125 0.06640625 0.09765625
3 0.140625 0.0859375 0.046875 0.046875
3 0.56875 0.4765625 0.05859375 0.0625
3 0.3359375 0.459375 0.0546875 0.05078125
3 0.303125 0.3734375 0.08203125 0.10546875
3 0.1890625 0.4125 0.05078125 0.05078125
3 0.33984375 0.53515625 0.0625 0.0546875
3 0.2171875 0.3265625 0.08203125 0.12890625
3 0.303125 0.1421875 0.06640625 0.10546875
3 0.5703125 0.2171875 0.046875 0.05859375
3 0.040625 0.10546875 0.05859375 0.109375
3 0.271875 0.49375 0.05078125 0.07421875
3 0.46484375 0.1953125 0.0703125 0.0859375
3 0.21875 0.34765625 0.0625 0.078125
3 0.2875 0.459375 0.24609375 0.40234375
3 0.38671875 0.40625 0.453125 0.5234375