3 0.5 0.5 1 1
3 0.3890625 0.6375 0.0703125 0.0703125
3 0.52265625 0.27734375 0.0796875 0.10625
3 0.08671875 0.13984375 0.053125 0.053125
3 0.56484375 0.4671875 0.0671875 0.0703125
3 0.33203125 0.4828125 0.0609375 0.0578125
3 0.2875 0.40234375 0.0953125 0.115625
3 0.1796875 0.45625 0.0578125 0.0578125
3 0.34609375 0.55703125 0.06875 0.0625
3 0.19609375 0.36796875 0.0984375 0.1390625
3 0.25546875 0.1734375 0.0796875 0.1140625
3 0.53046875 0.21015625 0.0546875 0.0640625
3 0.01328125 0.17265625 0.0265625 0.1171875
3 0.2734375 0.52578125 0.0609375 0.08125
3 0.42265625 0.203125 0.08125 0.0953125
3 0.2 0.38828125 0.0734375 0.0859375
3 0.28359375 0.4890625 0.3 0.4328125
3 0.375 0.42265625 0.521875 0.58125