3 0.5625 0.25625 0.078125 0.05859375
3 0.4921875 0.4671875 0.890625 0.89453125
3 0.453125 0.53125 0.046875 0.046875
3 0.4765625 0.265625 0.046875 0.0546875
3 0.41015625 0.2015625 0.046875 0.05078125
3 0.7484375 0.37890625 0.07421875 0.0859375
3 0.18359375 0.4140625 0.1015625 0.1015625
3 0.821875 0.490625 0.04296875 0.04296875
3 0.21484375 0.5484375 0.1875 0.37109375
3 0.68125 0.3140625 0.07421875 0.07421875
3 0.25390625 0.6640625 0.09375 0.0859375
3 0.2203125 0.6 0.06640625 0.04296875
3 0.49609375 0.1796875 0.046875 0.046875
3 0.4921875 0.2265625 0.2265625 0.140625