3 0.57109375 0.25859375 0.0796875 0.0609375
3 0.49296875 0.4671875 0.921875 0.925
3 0.45234375 0.5296875 0.0484375 0.0484375
3 0.484375 0.26484375 0.0484375 0.05625
3 0.4203125 0.1984375 0.0484375 0.053125
3 0.75234375 0.3875 0.0765625 0.0890625
3 0.18671875 0.403125 0.1046875 0.1046875
3 0.821875 0.5015625 0.04375 0.04375
3 0.21328125 0.53828125 0.2 0.378125
3 0.6875 0.3203125 0.0765625 0.0765625
3 0.2484375 0.65546875 0.096875 0.0890625
3 0.2171875 0.58984375 0.0671875 0.0453125
3 0.50703125 0.1796875 0.0484375 0.0484375
3 0.5015625 0.2265625 0.23125 0.1484375