3 0.490625 0.484375 0.91015625 0.96875
3 0.546875 0.459375 0.046875 0.04296875
3 0.5453125 0.58203125 0.04296875 0.0390625
3 0.82421875 0.5453125 0.0390625 0.05078125
3 0.1796875 0.2578125 0.0859375 0.0546875
3 0.4046875 0.615625 0.04296875 0.04296875
3 0.5609375 0.365625 0.04296875 0.04296875
3 0.6109375 0.85546875 0.09765625 0.0546875
3 0.6015625 0.521875 0.046875 0.05078125
3 0.328125 0.31640625 0.0703125 0.0703125
3 0.55859375 0.475 0.140625 0.27734375
3 0.2640625 0.38125 0.05078125 0.05859375
3 0.25 0.790625 0.046875 0.04296875