3 0.5015625 0.4984375 0.95703125 0.99609375
3 0.853125 0.6234375 0.06640625 0.05859375
3 0.7578125 0.4765625 0.0546875 0.046875
3 0.63125 0.6 0.07421875 0.07421875
3 0.78125 0.6578125 0.0625 0.05078125
3 0.428125 0.73046875 0.05859375 0.0546875
3 0.609375 0.52734375 0.09375 0.0546875
3 0.30859375 0.37109375 0.1015625 0.0859375
3 0.43125 0.3984375 0.05859375 0.0546875
3 0.20703125 0.2359375 0.09375 0.06640625
3 0.728125 0.5703125 0.33984375 0.2421875
3 0.39453125 0.6875 0.0625 0.046875
3 0.52734375 0.80625 0.0546875 0.04296875
3 0.790625 0.55859375 0.09765625 0.0546875
3 0.603125 0.4 0.05078125 0.05859375
3 0.8609375 0.7796875 0.04296875 0.05859375
3 0.640625 0.65625 0.5625 0.453125
3 0.2109375 0.4078125 0.1171875 0.08984375
3 0.74609375 0.8671875 0.0546875 0.0390625
3 0.4125 0.709375 0.09765625 0.09765625