3 0.5 0.5 1 1
3 0.8328125 0.67109375 0.0734375 0.0671875
3 0.75859375 0.5125 0.0609375 0.0546875
3 0.61640625 0.6171875 0.084375 0.084375
3 0.75625 0.6953125 0.06875 0.059375
3 0.396875 0.71796875 0.065625 0.0625
3 0.6046875 0.5421875 0.1 0.0671875
3 0.328125 0.34609375 0.1125 0.1
3 0.44609375 0.38984375 0.065625 0.0625
3 0.246875 0.19765625 0.1015625 0.078125
3 0.71640625 0.6015625 0.3703125 0.2875
3 0.36953125 0.67109375 0.06875 0.0546875
3 0.484375 0.80703125 0.059375 0.05
3 0.7796875 0.5984375 0.1046875 0.0671875
3 0.61640625 0.415625 0.0578125 0.065625
3 0.81875 0.82734375 0.05 0.0640625
3 0.6171875 0.67421875 0.6203125 0.5265625
3 0.2265625 0.36875 0.128125 0.1046875
3 0.69296875 0.89765625 0.059375 0.046875
3 0.384375 0.6953125 0.1109375 0.1109375