3 0.515625 0.49609375 0.9375 0.9453125
3 0.5609375 0.3515625 0.06640625 0.0546875
3 0.69375 0.5328125 0.05859375 0.08203125
3 0.7265625 0.4671875 0.0546875 0.05078125
3 0.88671875 0.48046875 0.046875 0.046875
3 0.47265625 0.515625 0.0625 0.0546875
3 0.5921875 0.4046875 0.05078125 0.05078125
3 0.88671875 0.68359375 0.0859375 0.109375
3 0.64453125 0.303125 0.046875 0.05078125
3 0.5640625 0.34375 0.13671875 0.1796875
3 0.584375 0.2984375 0.08984375 0.06640625
3 0.271875 0.490625 0.08984375 0.08203125
3 0.8296875 0.47265625 0.05078125 0.0546875
3 0.571875 0.865625 0.08203125 0.05078125
3 0.34375 0.384375 0.1875 0.10546875
3 0.34375 0.265625 0.17578125 0.103125