3 0.5 0.5 1 1
3 0.5453125 0.34609375 0.071875 0.0609375
3 0.69609375 0.5125 0.0671875 0.0875
3 0.721875 0.44375 0.059375 0.05625
3 0.8828125 0.43984375 0.0515625 0.0515625
3 0.47421875 0.51875 0.0671875 0.0609375
3 0.58203125 0.3953125 0.05625 0.05625
3 0.90390625 0.6421875 0.096875 0.1171875
3 0.6234375 0.2890625 0.0515625 0.0546875
3 0.54765625 0.33828125 0.1546875 0.19375
3 0.5625 0.290625 0.096875 0.075
3 0.271875 0.51484375 0.0984375 0.090625
3 0.825 0.43828125 0.05625 0.059375
3 0.609375 0.85625 0.0875 0.059375
3 0.3328125 0.4015625 0.196875 0.125
3 0.3203125 0.28359375 0.1859375 0.1203125