3 0.4984375 0.5140625 0.80078125 0.96484375
3 0.43359375 0.73828125 0.0625 0.046875
3 0.8265625 0.53125 0.05078125 0.0546875
3 0.5234375 0.703125 0.0625 0.0546875
3 0.26171875 0.25625 0.046875 0.04296875
3 0.3046875 0.353125 0.0703125 0.05859375
3 0.540625 0.7984375 0.05859375 0.05078125
3 0.7265625 0.321875 0.046875 0.04296875
3 0.22265625 0.5625 0.0703125 0.0703125
3 0.4 0.4828125 0.08984375 0.05859375
3 0.60546875 0.6390625 0.0546875 0.05859375
3 0.2984375 0.61875 0.09765625 0.06640625
3 0.7421875 0.509375 0.046875 0.04296875
3 0.1625 0.615625 0.05859375 0.04296875
3 0.4140625 0.06640625 0.0546875 0.0625
3 0.65625 0.709375 0.0703125 0.05078125
3 0.60546875 0.57421875 0.1796875 0.1953125
3 0.57421875 0.5296875 0.109375 0.10546875