3 0.496875 0.50546875 0.85 0.9890625
3 0.42109375 0.734375 0.065625 0.05
3 0.82421875 0.5484375 0.053125 0.0578125
3 0.5125 0.70390625 0.065625 0.0578125
3 0.275 0.24375 0.0484375 0.0453125
3 0.3125 0.34296875 0.0734375 0.0625
3 0.525 0.8 0.0609375 0.053125
3 0.7359375 0.33359375 0.0484375 0.0453125
3 0.21953125 0.54765625 0.0734375 0.0734375
3 0.40078125 0.47734375 0.0921875 0.0625
3 0.59765625 0.64453125 0.0578125 0.0609375
3 0.2921875 0.6078125 0.1015625 0.071875
3 0.74140625 0.521875 0.0484375 0.0453125
3 0.15703125 0.59765625 0.0609375 0.0453125
3 0.43671875 0.0625 0.0578125 0.065625
3 0.6453125 0.7171875 0.0734375 0.0546875
3 0.6015625 0.5796875 0.1890625 0.2046875
3 0.57265625 0.53359375 0.1140625 0.1109375