3 0.48828125 0.49765625 0.9234375 0.9953125
3 0.1484375 0.4484375 0.109375 0.1125
3 0.5 0.28515625 0.0640625 0.05625
3 0.659375 0.37890625 0.0921875 0.0609375
3 0.5515625 0.36484375 0.05625 0.0484375
3 0.7828125 0.4984375 0.1421875 0.1453125
3 0.16484375 0.68984375 0.1125 0.0859375
3 0.40703125 0.596875 0.05625 0.0453125
3 0.18203125 0.6078125 0.2453125 0.440625
3 0.78671875 0.53203125 0.06875 0.06875
3 0.63359375 0.303125 0.0609375 0.053125
3 0.17890625 0.24453125 0.0515625 0.0453125
3 0.58515625 0.33515625 0.2515625 0.1640625
3 0.18125 0.0546875 0.04375 0.040625
3 0.76328125 0.45859375 0.0953125 0.065625