3 0.48828125 0.4921875 0.890625 0.9765625
3 0.146875 0.4609375 0.10546875 0.109375
3 0.4921875 0.28515625 0.0625 0.0546875
3 0.6546875 0.3734375 0.08984375 0.05859375
3 0.546875 0.36328125 0.0546875 0.046875
3 0.7828125 0.48828125 0.13671875 0.140625
3 0.171875 0.7015625 0.109375 0.08203125
3 0.41015625 0.6 0.0546875 0.04296875
3 0.1859375 0.61875 0.23046875 0.43359375
3 0.7875 0.521875 0.06640625 0.06640625
3 0.6265625 0.2984375 0.05859375 0.05078125
3 0.1703125 0.25625 0.05078125 0.04296875
3 0.5796875 0.33203125 0.24609375 0.15625
3 0.165625 0.06640625 0.04296875 0.0390625
3 0.76171875 0.44921875 0.09375 0.0625