3 0.5 0.5 1 1
3 0.81484375 0.51953125 0.0703125 0.0796875
3 0.20859375 0.29765625 0.06875 0.071875
3 0.8703125 0.65703125 0.1109375 0.146875
3 0.7578125 0.51171875 0.059375 0.059375
3 0.80078125 0.64140625 0.059375 0.0625
3 0.10390625 0.2328125 0.0875 0.1125
3 0.01796875 0.234375 0.0359375 0.05625
3 0.3984375 0.32734375 0.0703125 0.0640625
3 0.03125 0.15546875 0.0625 0.0671875
3 0.69765625 0.4078125 0.0984375 0.0953125
3 0.80859375 0.5765625 0.33125 0.50625
3 0.8265625 0.59921875 0.2140625 0.2875
3 0.26328125 0.228125 0.0828125 0.0671875
3 0.01484375 0.0953125 0.0296875 0.0375