3 0.5 0.49375 0.984375 0.9875
3 0.80625 0.57421875 0.05859375 0.0703125
3 0.2484375 0.25 0.05859375 0.0625
3 0.8375 0.71875 0.08984375 0.1328125
3 0.7515625 0.55625 0.05078125 0.05078125
3 0.771875 0.69140625 0.05078125 0.0546875
3 0.15625 0.16796875 0.0703125 0.1015625
3 0.06640625 0.1546875 0.0390625 0.05078125
3 0.4296875 0.3125 0.0625 0.0546875
3 0.09765625 0.0796875 0.0546875 0.05859375
3 0.7109375 0.44375 0.0859375 0.08203125
3 0.790625 0.62890625 0.25390625 0.46875
3 0.8046875 0.6546875 0.171875 0.26171875
3 0.3140625 0.19140625 0.07421875 0.0546875
3 0.0765625 0.0140625 0.05859375 0.02734375