3 0.4765625 0.50625 0.946875 0.9875
3 0.33203125 0.35859375 0.1625 0.1125
3 0.16640625 0.52890625 0.0515625 0.0484375
3 0.30234375 0.74375 0.075 0.0671875
3 0.33984375 0.3796875 0.075 0.0515625
3 0.559375 0.86796875 0.171875 0.2015625
3 0.615625 0.48203125 0.1625 0.128125
3 0.27890625 0.36171875 0.0484375 0.0515625
3 0.65234375 0.49375 0.0640625 0.0484375
3 0.1546875 0.4296875 0.103125 0.0609375
3 0.51640625 0.90234375 0.084375 0.134375
3 0.190625 0.6890625 0.0640625 0.05625
3 0.65546875 0.44921875 0.0640625 0.0515625
3 0.38671875 0.81484375 0.0671875 0.05625
3 0.57109375 0.1859375 0.1078125 0.0953125
3 0.35625 0.33203125 0.103125 0.053125
3 0.16640625 0.52890625 0.075 0.071875