3 0.4765625 0.5078125 0.9296875 0.9765625
3 0.334375 0.35546875 0.16015625 0.109375
3 0.165625 0.5234375 0.05078125 0.046875
3 0.2984375 0.740625 0.07421875 0.06640625
3 0.3421875 0.3765625 0.07421875 0.05078125
3 0.553125 0.86875 0.16796875 0.19921875
3 0.615625 0.484375 0.16015625 0.125
3 0.28125 0.3578125 0.046875 0.05078125
3 0.65234375 0.49609375 0.0625 0.046875
3 0.15625 0.4234375 0.1015625 0.05859375
3 0.509375 0.90234375 0.08203125 0.1328125
3 0.1875 0.68359375 0.0625 0.0546875
3 0.65625 0.4515625 0.0625 0.05078125
3 0.38125 0.8125 0.06640625 0.0546875
3 0.5765625 0.1875 0.10546875 0.09375
3 0.359375 0.3296875 0.1015625 0.05078125
3 0.165625 0.5234375 0.07421875 0.0703125