3 0.5109375 0.26640625 0.171875 0.1109375
3 0.6109375 0.46796875 0.1703125 0.1375
3 0.53203125 0.45703125 0.9359375 0.9140625
3 0.66015625 0.21484375 0.10625 0.0828125
3 0.2953125 0.5265625 0.2125 0.271875
3 0.75234375 0.234375 0.065625 0.0578125
3 0.30703125 0.45703125 0.1109375 0.1140625
3 0.85390625 0.225 0.0671875 0.0515625
3 0.55078125 0.19296875 0.053125 0.0484375
3 0.33359375 0.39140625 0.053125 0.0484375
3 0.3859375 0.7203125 0.1265625 0.09375
3 0.28046875 0.48125 0.0671875 0.0703125
3 0.871875 0.21171875 0.1125 0.0953125