3 0.478125 0.2671875 0.16015625 0.08984375
3 0.60546875 0.453125 0.15625 0.1171875
3 0.5296875 0.43359375 0.83984375 0.84375
3 0.61875 0.1953125 0.09765625 0.0703125
3 0.30078125 0.5546875 0.1796875 0.25
3 0.7125 0.2015625 0.05859375 0.05078125
3 0.303125 0.484375 0.09765625 0.1015625
3 0.8125 0.178125 0.0625 0.04296875
3 0.5078125 0.1890625 0.046875 0.04296875
3 0.3203125 0.415625 0.046875 0.04296875
3 0.41796875 0.734375 0.1171875 0.078125
3 0.2796875 0.51171875 0.05859375 0.0625
3 0.828125 0.1625 0.1015625 0.08203125