3 0.4984375 0.5 0.94921875 0.9921875
3 0.59765625 0.4375 0.078125 0.0703125
3 0.2421875 0.3890625 0.1015625 0.05859375
3 0.52734375 0.39453125 0.0703125 0.078125
3 0.48046875 0.53125 0.0703125 0.0703125
3 0.59765625 0.759375 0.0859375 0.09765625
3 0.4296875 0.71484375 0.109375 0.078125
3 0.7046875 0.5171875 0.08203125 0.08203125
3 0.25390625 0.5140625 0.1015625 0.06640625
3 0.1875 0.6640625 0.171875 0.1484375
3 0.4296875 0.5796875 0.6640625 0.49609375
3 0.2015625 0.62890625 0.14453125 0.078125
3 0.3828125 0.5859375 0.109375 0.0703125
3 0.1640625 0.634375 0.0625 0.05859375