3 0.5 0.5 1 1
3 0.5890625 0.42578125 0.0859375 0.0796875
3 0.23046875 0.42109375 0.1078125 0.0703125
3 0.5140625 0.3921875 0.0796875 0.0859375
3 0.484375 0.53359375 0.078125 0.078125
3 0.62890625 0.7453125 0.096875 0.1078125
3 0.45625 0.721875 0.11875 0.090625
3 0.70546875 0.4921875 0.0921875 0.0921875
3 0.2578125 0.54375 0.109375 0.078125
3 0.21015625 0.70078125 0.1890625 0.16875
3 0.43984375 0.5875 0.7203125 0.5734375
3 0.21953125 0.6640625 0.153125 0.0953125
3 0.39453125 0.59921875 0.1171875 0.0828125
3 0.1828125 0.67421875 0.06875 0.065625