3 0.50625 0.4921875 0.93359375 0.9765625
3 0.8203125 0.31875 0.0390625 0.04296875
3 0.74609375 0.45703125 0.0703125 0.0546875
3 0.60546875 0.428125 0.0546875 0.04296875
3 0.8109375 0.26953125 0.05078125 0.0546875
3 0.69375 0.2875 0.07421875 0.08984375
3 0.4859375 0.41796875 0.04296875 0.0390625
3 0.4984375 0.5171875 0.11328125 0.09765625
3 0.59375 0.415625 0.0859375 0.07421875
3 0.5703125 0.41015625 0.046875 0.0546875
3 0.64453125 0.4046875 0.4140625 0.33203125
3 0.8140625 0.29296875 0.06640625 0.1015625