3 0.4859375 0.5015625 0.95703125 0.98828125
3 0.446875 0.8296875 0.08984375 0.10546875
3 0.44921875 0.853125 0.0546875 0.05078125
3 0.7640625 0.2828125 0.05859375 0.05859375
3 0.084375 0.70703125 0.15234375 0.3125
3 0.0484375 0.69921875 0.05859375 0.0546875
3 0.19375 0.515625 0.05078125 0.0546875
3 0.8734375 0.49375 0.11328125 0.17578125
3 0.0953125 0.6578125 0.05859375 0.05078125
3 0.1234375 0.58203125 0.05859375 0.0546875
3 0.08203125 0.7953125 0.046875 0.05078125
3 0.8671875 0.4625 0.0390625 0.05078125
3 0.84765625 0.515625 0.046875 0.046875
3 0.8921875 0.553125 0.05859375 0.05078125
3 0.43359375 0.8109375 0.0546875 0.05078125