3 0.4859375 0.5 0.971875 1
3 0.45234375 0.83046875 0.0921875 0.10625
3 0.45546875 0.85390625 0.05625 0.0515625
3 0.76015625 0.278125 0.059375 0.059375
3 0.08828125 0.7140625 0.1578125 0.315625
3 0.05234375 0.70703125 0.059375 0.05625
3 0.19375 0.52109375 0.0515625 0.05625
3 0.8734375 0.4875 0.115625 0.178125
3 0.0984375 0.66484375 0.059375 0.0515625
3 0.125 0.58828125 0.059375 0.05625
3 0.0875 0.80234375 0.0484375 0.0515625
3 0.86640625 0.45625 0.040625 0.0515625
3 0.84765625 0.509375 0.0484375 0.0484375
3 0.89296875 0.54609375 0.059375 0.0515625
3 0.4390625 0.81171875 0.05625 0.0515625