3 0.5 0.5 1 1
3 0.840625 0.5734375 0.078125 0.065625
3 0.63984375 0.2765625 0.0921875 0.0828125
3 0.69296875 0.603125 0.203125 0.1859375
3 0.85078125 0.67265625 0.0984375 0.0796875
3 0.334375 0.584375 0.1375 0.08125
3 0.15625 0.47109375 0.0703125 0.059375
3 0.465625 0.490625 0.0859375 0.065625
3 0.6484375 0.25078125 0.1890625 0.1734375
3 0.54375 0.57421875 0.071875 0.071875
3 0.61484375 0.446875 0.115625 0.1078125
3 0.30546875 0.303125 0.0859375 0.065625
3 0.2375 0.434375 0.109375 0.0703125
3 0.20703125 0.5421875 0.065625 0.059375
3 0.6 0.45625 0.075 0.071875
3 0.2859375 0.478125 0.228125 0.15625
3 0.46484375 0.41171875 0.08125 0.065625
3 0.13125 0.6296875 0.15625 0.08125
3 0.3390625 0.7921875 0.0703125 0.059375
3 0.33125 0.50859375 0.1078125 0.084375