3 0.48828125 0.5 0.9140625 0.9921875
3 0.84765625 0.51953125 0.0703125 0.0546875
3 0.603125 0.2578125 0.08203125 0.0703125
3 0.70703125 0.571875 0.1796875 0.16015625
3 0.8734375 0.615625 0.08984375 0.06640625
3 0.35 0.609375 0.12890625 0.0625
3 0.15625 0.525 0.0625 0.05078125
3 0.46484375 0.49609375 0.078125 0.0546875
3 0.6078125 0.23046875 0.16796875 0.1484375
3 0.5546875 0.56640625 0.0625 0.0625
3 0.60546875 0.4296875 0.1015625 0.09375
3 0.27734375 0.3359375 0.078125 0.0546875
3 0.23046875 0.4765625 0.1015625 0.0546875
3 0.2171875 0.5875 0.05859375 0.05078125
3 0.5921875 0.44140625 0.06640625 0.0625
3 0.28515625 0.51171875 0.2109375 0.125
3 0.4515625 0.41796875 0.07421875 0.0546875
3 0.15625 0.6859375 0.1484375 0.05859375
3 0.38671875 0.8140625 0.0625 0.05078125
3 0.334375 0.53515625 0.09765625 0.0703125