3 0.4828125 0.509375 0.96484375 0.97265625
3 0.665625 0.4234375 0.13671875 0.24609375
3 0.7328125 0.3921875 0.04296875 0.03515625
3 0.6953125 0.5234375 0.0546875 0.0390625
3 0.275 0.8296875 0.05859375 0.04296875
3 0.446875 0.446875 0.04296875 0.04296875
3 0.63671875 0.41796875 0.0390625 0.0390625
3 0.615625 0.740625 0.04296875 0.03515625
3 0.6578125 0.4203125 0.08984375 0.05078125
3 0.446875 0.8453125 0.04296875 0.03515625
3 0.6625 0.475 0.05859375 0.04296875
3 0.665625 0.3515625 0.07421875 0.09375