3 0.50390625 0.509375 0.953125 0.97265625
3 0.3421875 0.28125 0.13671875 0.0703125
3 0.4234375 0.178125 0.06640625 0.05859375
3 0.4546875 0.4296875 0.06640625 0.046875
3 0.3609375 0.38671875 0.25390625 0.2890625
3 0.328125 0.4921875 0.1484375 0.0625
3 0.36875 0.05625 0.07421875 0.06640625
3 0.4515625 0.1171875 0.24609375 0.1875
3 0.41015625 0.37890625 0.0546875 0.0390625
3 0.30859375 0.36328125 0.0546875 0.0546875
3 0.25 0.30859375 0.0390625 0.0390625
3 0.734375 0.29296875 0.0625 0.0546875
3 0.734375 0.2875 0.1171875 0.08984375
3 0.7015625 0.27734375 0.05078125 0.0703125
3 0.55859375 0.125 0.0546875 0.0703125
3 0.5078125 0.2828125 0.5703125 0.51953125