3 0.50390625 0.50703125 0.9703125 0.9859375
3 0.33828125 0.284375 0.1375 0.0734375
3 0.41796875 0.1796875 0.0671875 0.059375
3 0.453125 0.43046875 0.0671875 0.0484375
3 0.35859375 0.3890625 0.259375 0.29375
3 0.328125 0.4953125 0.15 0.065625
3 0.3609375 0.05859375 0.075 0.0671875
3 0.44453125 0.11796875 0.25 0.1921875
3 0.4078125 0.38046875 0.0546875 0.040625
3 0.30625 0.36640625 0.05625 0.05625
3 0.246875 0.31328125 0.0390625 0.0390625
3 0.73046875 0.2890625 0.0640625 0.05625
3 0.73046875 0.28359375 0.11875 0.0921875
3 0.69765625 0.27421875 0.0515625 0.071875
3 0.55234375 0.12421875 0.05625 0.071875
3 0.50390625 0.2828125 0.5796875 0.5296875