3 0.1859375 0.35 0.12890625 0.08203125
3 0.50625 0.4984375 0.92578125 0.98828125
3 0.3203125 0.584375 0.1171875 0.09765625
3 0.38125 0.46875 0.06640625 0.046875
3 0.63125 0.2421875 0.07421875 0.0703125
3 0.1078125 0.41796875 0.05078125 0.046875
3 0.30859375 0.4296875 0.0546875 0.046875
3 0.18359375 0.18359375 0.0703125 0.078125
3 0.2890625 0.13125 0.125 0.07421875
3 0.1859375 0.46484375 0.05078125 0.046875
3 0.23828125 0.3265625 0.375 0.64453125
3 0.165625 0.0375 0.05078125 0.06640625
3 0.2515625 0.46875 0.33984375 0.3359375