3 0.509375 0.4984375 0.91015625 0.99609375
3 0.62109375 0.1875 0.0703125 0.046875
3 0.6734375 0.3265625 0.09765625 0.05859375
3 0.58984375 0.19375 0.5859375 0.37890625
3 0.453125 0.2484375 0.0703125 0.05078125
3 0.5640625 0.1328125 0.07421875 0.0390625
3 0.5546875 0.265625 0.109375 0.0546875
3 0.5453125 0.11875 0.11328125 0.07421875
3 0.703125 0.259375 0.09375 0.05859375
3 0.509375 0.1078125 0.04296875 0.04296875
3 0.84375 0.3296875 0.0859375 0.08203125
3 0.459375 0.646875 0.08984375 0.04296875
3 0.9203125 0.390625 0.04296875 0.078125
3 0.271875 0.5703125 0.08203125 0.0703125
3 0.3984375 0.025 0.0703125 0.04296875
3 0.3453125 0.1859375 0.06640625 0.05078125
3 0.6171875 0.2203125 0.28125 0.27734375