3 0.509375 0.5 0.94375 1
3 0.63203125 0.1921875 0.071875 0.05
3 0.6796875 0.3328125 0.1 0.0625
3 0.60078125 0.19765625 0.5984375 0.3953125
3 0.46171875 0.246875 0.071875 0.053125
3 0.5765625 0.13515625 0.075 0.0421875
3 0.5625 0.26796875 0.1109375 0.0578125
3 0.55859375 0.1203125 0.115625 0.078125
3 0.71171875 0.26640625 0.0953125 0.0625
3 0.5234375 0.10859375 0.04375 0.04375
3 0.84921875 0.34140625 0.0890625 0.084375
3 0.45390625 0.6453125 0.090625 0.0453125
3 0.92421875 0.40546875 0.0453125 0.0796875
3 0.26953125 0.5625 0.084375 0.0734375
3 0.4140625 0.021875 0.071875 0.04375
3 0.35625 0.18046875 0.06875 0.053125
3 0.6265625 0.22421875 0.290625 0.2875