3 0.5 0.5 1 1
3 0.39453125 0.54765625 0.0546875 0.04375
3 0.56171875 0.24765625 0.0921875 0.071875
3 0.54375 0.6109375 0.05 0.04375
3 0.7921875 0.74453125 0.059375 0.0484375
3 0.6890625 0.5515625 0.046875 0.04375
3 0.6125 0.36640625 0.0671875 0.053125
3 0.79609375 0.51953125 0.05 0.04375
3 0.32890625 0.8 0.096875 0.0796875
3 0.0921875 0.553125 0.046875 0.046875
3 0.64296875 0.16953125 0.046875 0.04375
3 0.50078125 0.35703125 0.046875 0.046875
3 0.81875 0.3703125 0.071875 0.0578125
3 0.653125 0.61171875 0.0515625 0.0546875
3 0.6125 0.36640625 0.0921875 0.0796875
3 0.6890625 0.5515625 0.071875 0.06875