3 0.5 0.5140625 0.9140625 0.96484375
3 0.4 0.55859375 0.05078125 0.0390625
3 0.53515625 0.2421875 0.0859375 0.0625
3 0.5546875 0.60546875 0.046875 0.0390625
3 0.81640625 0.7125 0.0546875 0.04296875
3 0.69375 0.53125 0.04296875 0.0390625
3 0.59765625 0.35546875 0.0625 0.046875
3 0.796875 0.48828125 0.046875 0.0390625
3 0.3609375 0.81640625 0.08984375 0.0703125
3 0.1 0.5953125 0.04296875 0.04296875
3 0.6078125 0.15625 0.04296875 0.0390625
3 0.4859375 0.3578125 0.04296875 0.04296875
3 0.803125 0.3375 0.06640625 0.05078125
3 0.6640625 0.5953125 0.046875 0.05078125
3 0.59765625 0.35546875 0.0859375 0.0703125
3 0.69375 0.53125 0.06640625 0.0625