3 0.49609375 0.4984375 0.8984375 0.99609375
3 0.7203125 0.6953125 0.12890625 0.1015625
3 0.84375 0.7796875 0.0703125 0.05859375
3 0.62109375 0.2890625 0.0859375 0.0703125
3 0.4671875 0.56875 0.08203125 0.07421875
3 0.478125 0.7421875 0.06640625 0.0546875
3 0.390625 0.4703125 0.078125 0.07421875
3 0.2828125 0.5296875 0.12109375 0.08984375
3 0.8203125 0.59375 0.046875 0.046875
3 0.5296875 0.34375 0.06640625 0.0546875
3 0.478125 0.428125 0.05078125 0.04296875
3 0.7515625 0.665625 0.05078125 0.04296875
3 0.140625 0.265625 0.0703125 0.0625
3 0.3296875 0.21484375 0.06640625 0.078125
3 0.4984375 0.3375 0.12890625 0.07421875
3 0.2046875 0.3375 0.19140625 0.07421875
3 0.3890625 0.48046875 0.58203125 0.609375