3 0.4953125 0.5 0.95 1
3 0.73046875 0.68359375 0.134375 0.1078125
3 0.8578125 0.7609375 0.0734375 0.0625
3 0.61015625 0.2828125 0.0890625 0.075
3 0.47109375 0.5703125 0.0859375 0.078125
3 0.490625 0.74296875 0.06875 0.0578125
3 0.3890625 0.47578125 0.08125 0.078125
3 0.284375 0.540625 0.125 0.0953125
3 0.825 0.5765625 0.05 0.05
3 0.52109375 0.3421875 0.06875 0.0578125
3 0.47421875 0.4296875 0.053125 0.0453125
3 0.76015625 0.65234375 0.053125 0.0453125
3 0.12890625 0.284375 0.0734375 0.065625
3 0.31484375 0.22421875 0.0703125 0.08125
3 0.48984375 0.3375 0.1328125 0.08125
3 0.196875 0.353125 0.1953125 0.084375
3 0.38828125 0.4859375 0.6125 0.6390625