3 0.48359375 0.49375 0.9546875 0.9875
3 0.5640625 0.77578125 0.059375 0.059375
3 0.1546875 0.2359375 0.0515625 0.040625
3 0.48203125 0.55625 0.075 0.0671875
3 0.1859375 0.3734375 0.1421875 0.065625
3 0.7171875 0.67421875 0.0515625 0.059375
3 0.14140625 0.3609375 0.04375 0.0390625
3 0.21875 0.259375 0.0484375 0.0515625
3 0.19453125 0.30859375 0.1671875 0.2015625
3 0.38125 0.5171875 0.04375 0.046875
3 0.63828125 0.86328125 0.071875 0.090625
3 0.21328125 0.378125 0.0875 0.0484375
3 0.2515625 0.325 0.0515625 0.059375
3 0.47734375 0.36640625 0.0671875 0.0875
3 0.06796875 0.5234375 0.04375 0.046875
3 0.4640625 0.753125 0.0640625 0.0640625