3 0.484375 0.4921875 0.9375 0.9765625
3 0.56875 0.775 0.05859375 0.05859375
3 0.15 0.2421875 0.05078125 0.0390625
3 0.4828125 0.55625 0.07421875 0.06640625
3 0.18359375 0.37890625 0.140625 0.0625
3 0.7203125 0.6703125 0.05078125 0.05859375
3 0.1390625 0.3671875 0.04296875 0.0390625
3 0.21484375 0.2640625 0.046875 0.05078125
3 0.19140625 0.3140625 0.1640625 0.19921875
3 0.38125 0.51953125 0.04296875 0.046875
3 0.64453125 0.8609375 0.0703125 0.08984375
3 0.2109375 0.3828125 0.0859375 0.046875
3 0.2484375 0.3296875 0.05078125 0.05859375
3 0.475 0.3671875 0.06640625 0.0859375
3 0.06875 0.53125 0.04296875 0.046875
3 0.46875 0.75390625 0.0625 0.0625