3 0.521875 0.50625 0.87109375 0.98046875
3 0.828125 0.4390625 0.0625 0.05078125
3 0.3734375 0.41796875 0.05078125 0.046875
3 0.19375 0.6171875 0.05859375 0.046875
3 0.4203125 0.6015625 0.12890625 0.0859375
3 0.7125 0.38125 0.03515625 0.03515625
3 0.6578125 0.25390625 0.07421875 0.0546875
3 0.24609375 0.521875 0.078125 0.06640625
3 0.7875 0.4078125 0.04296875 0.04296875
3 0.46484375 0.53515625 0.078125 0.125
3 0.21875 0.525 0.1328125 0.08203125
3 0.25625 0.6484375 0.06640625 0.0546875
3 0.4828125 0.54296875 0.04296875 0.109375