3 0.51484375 0.5 0.9703125 1
3 0.81796875 0.39921875 0.06875 0.0578125
3 0.3640625 0.434375 0.05625 0.053125
3 0.21015625 0.65390625 0.0640625 0.053125
3 0.43359375 0.61015625 0.1390625 0.1015625
3 0.69609375 0.35625 0.0390625 0.0390625
3 0.6265625 0.23671875 0.0796875 0.0640625
3 0.25078125 0.55234375 0.0859375 0.075
3 0.77421875 0.3734375 0.0484375 0.0484375
3 0.46953125 0.5390625 0.0921875 0.1328125
3 0.22421875 0.559375 0.1421875 0.096875
3 0.27578125 0.67734375 0.071875 0.0625
3 0.48828125 0.54453125 0.05625 0.1140625