3 0.5 0.5 1 1
3 0.221875 0.39375 0.0671875 0.0578125
3 0.6515625 0.44453125 0.0421875 0.0359375
3 0.79296875 0.37109375 0.0609375 0.0671875
3 0.91171875 0.49453125 0.075 0.0578125
3 0.26796875 0.24921875 0.1453125 0.1078125
3 0.50078125 0.3234375 0.0765625 0.06875
3 0.6265625 0.37265625 0.0640625 0.0609375
3 0.0640625 0.40625 0.08125 0.0734375
3 0.65078125 0.346875 0.1390625 0.1140625
3 0.2203125 0.39453125 0.10625 0.0921875
3 0.2984375 0.22890625 0.0671875 0.0578125
3 0.653125 0.44453125 0.0640625 0.0609375