3 0.490625 0.5 0.94140625 0.9921875
3 0.234375 0.365625 0.0625 0.05078125
3 0.65625 0.4609375 0.0390625 0.03125
3 0.8046875 0.40234375 0.0546875 0.0625
3 0.91015625 0.5375 0.0703125 0.05078125
3 0.2953125 0.2265625 0.13671875 0.09375
3 0.51953125 0.32421875 0.0703125 0.0625
3 0.6390625 0.38671875 0.05859375 0.0546875
3 0.0765625 0.3609375 0.07421875 0.06640625
3 0.665625 0.36328125 0.12890625 0.1015625
3 0.2328125 0.365625 0.09765625 0.08203125
3 0.328125 0.209375 0.0625 0.05078125
3 0.6578125 0.4609375 0.05859375 0.0546875