3 0.50078125 0.5015625 0.9796875 0.996875
3 0.54765625 0.246875 0.1265625 0.1
3 0.8359375 0.12109375 0.0578125 0.0609375
3 0.4765625 0.41875 0.1125 0.0765625
3 0.82421875 0.38515625 0.1015625 0.075
3 0.2546875 0.37578125 0.0734375 0.0734375
3 0.7984375 0.490625 0.06875 0.046875
3 0.478125 0.35234375 0.0625 0.065625
3 0.67421875 0.2421875 0.0734375 0.0625
3 0.6640625 0.27109375 0.1078125 0.1265625
3 0.65390625 0.29765625 0.0734375 0.0703125
3 0.75234375 0.42421875 0.06875 0.05
3 0.4796875 0.3875 0.1359375 0.146875
3 0.79765625 0.43125 0.171875 0.1765625
3 0.6453125 0.359375 0.4859375 0.359375