3 0.5 0.51171875 0.9296875 0.96875
3 0.5609375 0.25 0.12109375 0.09375
3 0.85546875 0.1390625 0.0546875 0.05859375
3 0.48046875 0.41796875 0.109375 0.0703125
3 0.8296875 0.40234375 0.09765625 0.0703125
3 0.26171875 0.36328125 0.0703125 0.0703125
3 0.7984375 0.50625 0.06640625 0.04296875
3 0.4859375 0.3515625 0.05859375 0.0625
3 0.6875 0.2515625 0.0703125 0.05859375
3 0.67578125 0.2796875 0.1015625 0.12109375
3 0.6640625 0.30625 0.0703125 0.06640625
3 0.75625 0.4375 0.06640625 0.046875
3 0.4859375 0.38671875 0.12890625 0.140625
3 0.80078125 0.446875 0.1640625 0.16796875
3 0.65234375 0.3671875 0.46875 0.3359375