3 0.52734375 0.4984375 0.890625 0.99609375
3 0.7953125 0.55625 0.10546875 0.05859375
3 0.4765625 0.51171875 0.046875 0.046875
3 0.475 0.66015625 0.05078125 0.046875
3 0.1875 0.48046875 0.0625 0.046875
3 0.453125 0.86328125 0.0703125 0.0546875
3 0.709375 0.40625 0.07421875 0.046875
3 0.7671875 0.38125 0.04296875 0.05078125
3 0.9234375 0.5625 0.05078125 0.0390625
3 0.8421875 0.546875 0.21484375 0.09375
3 0.3734375 0.865625 0.05859375 0.04296875
3 0.80859375 0.46875 0.2890625 0.25
3 0.53125 0.8515625 0.046875 0.046875
3 0.35546875 0.725 0.0546875 0.05078125