3 0.5078125 0.5 0.984375 1
3 0.8 0.51484375 0.1125 0.0734375
3 0.478125 0.51484375 0.053125 0.053125
3 0.49765625 0.66171875 0.05625 0.053125
3 0.1875 0.52421875 0.06875 0.0546875
3 0.50390625 0.86640625 0.0765625 0.0640625
3 0.69453125 0.378125 0.0796875 0.05625
3 0.7484375 0.3453125 0.05 0.05625
3 0.928125 0.503125 0.05625 0.0453125
3 0.8453125 0.4984375 0.2265625 0.1234375
3 0.42578125 0.8796875 0.0640625 0.05
3 0.8015625 0.42578125 0.3203125 0.2875
3 0.5796875 0.84375 0.053125 0.053125
3 0.38828125 0.74296875 0.0609375 0.0578125