3 0.4921875 0.4984375 0.9375 0.99609375
3 0.19921875 0.3921875 0.0703125 0.05859375
3 0.459375 0.7875 0.08984375 0.08984375
3 0.6109375 0.55078125 0.07421875 0.0546875
3 0.1625 0.540625 0.09765625 0.11328125
3 0.078125 0.66015625 0.0625 0.0703125
3 0.8984375 0.0375 0.125 0.07421875
3 0.5921875 0.38671875 0.11328125 0.0703125
3 0.328125 0.88125 0.0703125 0.05859375
3 0.73046875 0.3984375 0.09375 0.078125
3 0.17578125 0.478125 0.125 0.24609375
3 0.15 0.53125 0.05859375 0.078125
3 0.14453125 0.5953125 0.2109375 0.49609375