3 0.48828125 0.51953125 0.90625 0.953125
3 0.821875 0.4921875 0.03515625 0.03125
3 0.9 0.0640625 0.05078125 0.04296875
3 0.1546875 0.6 0.07421875 0.04296875
3 0.1328125 0.671875 0.0625 0.0546875
3 0.4125 0.696875 0.05078125 0.04296875
3 0.615625 0.6171875 0.05859375 0.0390625
3 0.58984375 0.2984375 0.0546875 0.04296875
3 0.8984375 0.0859375 0.0859375 0.0859375
3 0.26171875 0.4203125 0.078125 0.05078125
3 0.5328125 0.7484375 0.05078125 0.05078125
3 0.5609375 0.646875 0.04296875 0.04296875
3 0.28125 0.7125 0.1171875 0.06640625
3 0.5875 0.7875 0.04296875 0.04296875
3 0.225 0.4765625 0.05078125 0.0546875
3 0.30078125 0.7046875 0.0703125 0.04296875