3 0.5 0.5 1 1
3 0.81875 0.54296875 0.0390625 0.0359375
3 0.96328125 0.13203125 0.05625 0.05
3 0.14296875 0.54453125 0.0796875 0.0546875
3 0.11015625 0.6125 0.0703125 0.0640625
3 0.3828125 0.68046875 0.05625 0.05
3 0.59609375 0.63359375 0.0640625 0.0484375
3 0.6203125 0.31484375 0.0609375 0.0515625
3 0.9546875 0.15234375 0.090625 0.0984375
3 0.27734375 0.384375 0.084375 0.0625
3 0.49375 0.75078125 0.0578125 0.0578125
3 0.5375 0.6546875 0.0484375 0.0484375
3 0.25078125 0.67578125 0.1265625 0.084375
3 0.54140625 0.79765625 0.0484375 0.0484375
3 0.23203125 0.43359375 0.059375 0.0625
3 0.27109375 0.67109375 0.0765625 0.053125