3 0.50625 0.50390625 0.96484375 0.984375
3 0.709375 0.2328125 0.08984375 0.05078125
3 0.734375 0.64453125 0.046875 0.0625
3 0.75 0.3828125 0.046875 0.046875
3 0.54296875 0.428125 0.0703125 0.06640625
3 0.6703125 0.603125 0.04296875 0.04296875
3 0.553125 0.31640625 0.05859375 0.046875
3 0.665625 0.34375 0.04296875 0.046875
3 0.7671875 0.578125 0.08203125 0.0625
3 0.64453125 0.7171875 0.0390625 0.04296875
3 0.84375 0.3734375 0.046875 0.05078125
3 0.56875 0.321875 0.08984375 0.06640625
3 0.803125 0.2671875 0.06640625 0.06640625
3 0.13671875 0.62890625 0.046875 0.046875
3 0.8359375 0.2328125 0.140625 0.13671875