3 0.5 0.5 1 1
3 0.68984375 0.21875 0.09375 0.05625
3 0.74375 0.628125 0.0515625 0.065625
3 0.74140625 0.365625 0.05 0.05
3 0.5375 0.425 0.075 0.071875
3 0.67734375 0.590625 0.0453125 0.0453125
3 0.53984375 0.31328125 0.0625 0.0515625
3 0.6546875 0.3328125 0.046875 0.05
3 0.771875 0.559375 0.0859375 0.06875
3 0.659375 0.70625 0.0421875 0.0453125
3 0.834375 0.35 0.05 0.0546875
3 0.55625 0.3171875 0.09375 0.071875
3 0.7859375 0.246875 0.0703125 0.0703125
3 0.146875 0.65390625 0.05 0.05
3 0.81640625 0.21015625 0.15 0.146875