3 0.4921875 0.5140625 0.9453125 0.96484375
3 0.5796875 0.73828125 0.18359375 0.0859375
3 0.32421875 0.4703125 0.1328125 0.10546875
3 0.62890625 0.83984375 0.09375 0.0625
3 0.45703125 0.5609375 0.078125 0.07421875
3 0.859375 0.390625 0.0703125 0.0625
3 0.775 0.678125 0.05078125 0.04296875
3 0.1578125 0.521875 0.05859375 0.05859375
3 0.4453125 0.29296875 0.1875 0.09375
3 0.6953125 0.396875 0.1171875 0.07421875
3 0.71875 0.4046875 0.0625 0.05078125
3 0.3140625 0.70703125 0.07421875 0.0546875
3 0.4546875 0.2125 0.05859375 0.06640625
3 0.59375 0.4546875 0.0625 0.05078125
3 0.47265625 0.459375 0.0859375 0.06640625
3 0.6421875 0.72265625 0.05859375 0.0390625