3 0.4921875 0.5078125 0.978125 0.984375
3 0.58828125 0.73515625 0.1859375 0.0921875
3 0.3234375 0.4765625 0.1359375 0.109375
3 0.640625 0.83515625 0.0953125 0.065625
3 0.459375 0.5625 0.08125 0.0765625
3 0.85546875 0.378125 0.071875 0.065625
3 0.78125 0.66875 0.0515625 0.0453125
3 0.15859375 0.53359375 0.0609375 0.0609375
3 0.43828125 0.2953125 0.190625 0.1
3 0.69140625 0.38984375 0.1203125 0.078125
3 0.715625 0.396875 0.0640625 0.053125
3 0.32109375 0.71328125 0.0765625 0.0578125
3 0.44453125 0.2140625 0.0609375 0.06875
3 0.5921875 0.4515625 0.0640625 0.053125
3 0.47109375 0.46015625 0.0875 0.06875
3 0.65 0.7171875 0.059375 0.040625