3 0.5203125 0.465625 0.3796875 0.9203125
3 0.353125 0.378125 0.03671875 0.06796875
3 0.4578125 0.65703125 0.0328125 0.05
3 0.58984375 0.37734375 0.02265625 0.02421875
3 0.5921875 0.50078125 0.025 0.02578125
3 0.459375 0.46171875 0.02734375 0.0296875
3 0.465625 0.49375 0.028125 0.028125
3 0.471875 0.30234375 0.025 0.02734375
3 0.53828125 0.4359375 0.20703125 0.18984375
3 0.53125 0.0328125 0.028125 0.03203125
3 0.6484375 0.225 0.02734375 0.02578125
3 0.4625 0.478125 0.0390625 0.065625
3 0.534375 0.55703125 0.221875 0.44765625