10 0.2453125 0.08828125 0.13125 0.13125
10 0.29375 0.51875 0.146875 0.16875
10 0.2546875 0.68671875 0.0875 0.0796875
10 0.27578125 0.93984375 0.0921875 0.1203125
10 0.0625 0.78046875 0.10625 0.1875
10 0.0953125 0.67109375 0.103125 0.109375
10 0.0484375 0.5546875 0.096875 0.14375
10 0.0640625 0.4046875 0.128125 0.1515625
10 0.09296875 0.27109375 0.10625 0.1109375
10 0.4859375 0.13359375 0.1015625 0.1375
10 0.49453125 0.5484375 0.1 0.1875
10 0.5328125 0.72578125 0.0796875 0.103125
10 0.5234375 0.91953125 0.1546875 0.1515625
10 0.63203125 0.325 0.0734375 0.096875
10 0.62265625 0.22890625 0.0859375 0.0890625
10 0.6359375 0.13515625 0.1015625 0.1234375
10 0.6921875 0.85546875 0.08125 0.2265625
10 0.815625 0.64609375 0.0921875 0.14375