10 0.2140625 0.52890625 0.1765625 0.1609375
10 0.1640625 0.64453125 0.153125 0.1390625
10 0.34921875 0.678125 0.2390625 0.159375
10 0.24609375 0.42734375 0.1640625 0.0953125
10 0.20234375 0.315625 0.1203125 0.1078125
10 0.4640625 0.515625 0.1453125 0.1203125
10 0.48828125 0.4140625 0.15 0.1125
10 0.4 0.2875 0.18125 0.175
10 0.4078125 0.16796875 0.11875 0.125
10 0.64765625 0.35 0.13125 0.175
10 0.55546875 0.5890625 0.240625 0.1796875
10 0.7828125 0.91953125 0.2125 0.1578125
10 0.7796875 0.73671875 0.165625 0.125