10 0.41796875 0.575 0.1296875 0.14375
10 0.396875 0.778125 0.153125 0.1171875
10 0.478125 0.68671875 0.1640625 0.1
10 0.5734375 0.6203125 0.0734375 0.059375
10 0.63359375 0.521875 0.0796875 0.090625
10 0.5296875 0.5296875 0.0734375 0.0671875
10 0.578125 0.471875 0.0765625 0.0640625
10 0.5515625 0.4046875 0.15 0.1234375
10 0.69140625 0.43984375 0.096875 0.1
10 0.73984375 0.328125 0.1609375 0.0765625
10 0.51015625 0.296875 0.0796875 0.0734375
10 0.60859375 0.15859375 0.0828125 0.090625
10 0.53984375 0.171875 0.0796875 0.0765625
10 0.603125 0.11328125 0.09375 0.0875
10 0.5 0.03828125 0.0671875 0.0578125