10 0.3703125 0.2453125 0.140625 0.1765625
10 0.58125 0.28203125 0.146875 0.1828125
10 0.65703125 0.4234375 0.165625 0.1109375
10 0.64453125 0.6078125 0.1015625 0.08125
10 0.75078125 0.70390625 0.175 0.10625
10 0.69609375 0.7671875 0.13125 0.115625
10 0.8203125 0.8109375 0.171875 0.1171875
10 0.85625 0.93359375 0.1453125 0.1171875
10 0.3984375 0.51953125 0.146875 0.1609375
10 0.265625 0.45703125 0.1671875 0.1109375
10 0.64609375 0.52578125 0.078125 0.0921875
10 0.7609375 0.53046875 0.1484375 0.1265625