10 0.41953125 0.5765625 0.1328125 0.1453125
10 0.4015625 0.7796875 0.1546875 0.1203125
10 0.48125 0.68671875 0.165625 0.103125
10 0.57578125 0.61875 0.075 0.0609375
10 0.63359375 0.51953125 0.08125 0.0921875
10 0.53046875 0.52890625 0.075 0.06875
10 0.57734375 0.4703125 0.078125 0.065625
10 0.55 0.40390625 0.1515625 0.1265625
10 0.690625 0.43671875 0.0984375 0.1015625
10 0.73671875 0.32421875 0.1625 0.0796875
10 0.50625 0.296875 0.08125 0.075
10 0.60234375 0.15703125 0.084375 0.0921875
10 0.534375 0.17109375 0.08125 0.078125
10 0.59609375 0.11171875 0.0953125 0.0890625
10 0.4921875 0.03828125 0.06875 0.059375