10 0.20546875 0.14921875 0.134375 0.0890625
10 0.31484375 0.21171875 0.1203125 0.1375
10 0.23828125 0.27421875 0.1734375 0.1375
10 0.34296875 0.359375 0.0875 0.1125
10 0.35 0.45390625 0.1 0.103125
10 0.2515625 0.49453125 0.1796875 0.240625
10 0.309375 0.5703125 0.06875 0.0921875
10 0.35625 0.5328125 0.0828125 0.1046875
10 0.36484375 0.640625 0.090625 0.09375
10 0.51328125 0.76796875 0.0671875 0.084375
10 0.5875 0.75 0.1546875 0.1703125
10 0.50625 0.86796875 0.1671875 0.1640625
10 0.5734375 0.50390625 0.140625 0.1203125
10 0.17734375 0.040625 0.1359375 0.08125