10 0.4921875 0.57265625 0.15625 0.1984375
10 0.553125 0.37890625 0.08125 0.065625
10 0.5984375 0.4640625 0.1125 0.0921875
10 0.771875 0.4 0.14375 0.1125
10 0.88671875 0.5078125 0.128125 0.109375
10 0.76328125 0.6015625 0.1390625 0.15625
10 0.83984375 0.7265625 0.1421875 0.1375
10 0.67265625 0.83671875 0.175 0.2125
10 0.44140625 0.328125 0.184375 0.1921875
10 0.24453125 0.2046875 0.103125 0.1171875
10 0.6 0.19609375 0.2140625 0.15
10 0.72578125 0.15703125 0.1265625 0.159375
10 0.77109375 0.3203125 0.196875 0.19375
10 0.12265625 0.09765625 0.146875 0.09375