10 0.4796875 0.5703125 0.1265625 0.1796875
10 0.5734375 0.38984375 0.0734375 0.053125
10 0.603125 0.48203125 0.1 0.0765625
10 0.78515625 0.4484375 0.1296875 0.090625
10 0.8796875 0.575 0.1140625 0.090625
10 0.74140625 0.6453125 0.1171875 0.1375
10 0.7953125 0.78203125 0.1234375 0.1171875
10 0.61171875 0.86171875 0.14375 0.190625
10 0.471875 0.3203125 0.1578125 0.1671875
10 0.3 0.16484375 0.0859375 0.103125
10 0.6515625 0.21796875 0.196875 0.1171875
10 0.78203125 0.2015625 0.103125 0.14375
10 0.7984375 0.3703125 0.1703125 0.1671875
10 0.1984375 0.03828125 0.1375 0.0703125