10 0.48203125 0.57109375 0.1328125 0.184375
10 0.56953125 0.3875 0.075 0.05625
10 0.60234375 0.478125 0.103125 0.0796875
10 0.7828125 0.43828125 0.1328125 0.0953125
10 0.88203125 0.56171875 0.1171875 0.0953125
10 0.74609375 0.63671875 0.121875 0.1421875
10 0.8046875 0.771875 0.128125 0.121875
10 0.62421875 0.8578125 0.15 0.1953125
10 0.465625 0.32109375 0.1640625 0.171875
10 0.28828125 0.171875 0.0890625 0.10625
10 0.64140625 0.2125 0.2015625 0.1234375
10 0.77109375 0.1921875 0.1078125 0.146875
10 0.79375 0.36015625 0.1765625 0.1734375
10 0.1828125 0.04921875 0.140625 0.075