10 0.48828125 0.571875 0.146875 0.19375
10 0.559375 0.38203125 0.0796875 0.0609375
10 0.6 0.46953125 0.1078125 0.0875
10 0.7765625 0.4140625 0.1390625 0.10625
10 0.8859375 0.528125 0.125 0.103125
10 0.75703125 0.61484375 0.1328125 0.15
10 0.82734375 0.74375 0.1375 0.13125
10 0.6546875 0.8453125 0.165625 0.20625
10 0.45 0.325 0.1765625 0.1859375
10 0.2609375 0.19140625 0.0984375 0.1125
10 0.61640625 0.2015625 0.209375 0.140625
10 0.74375 0.16953125 0.1203125 0.1546875
10 0.78046875 0.33515625 0.1890625 0.1859375
10 0.14453125 0.078125 0.1453125 0.0859375