10 0.21640625 0.5484375 0.1671875 0.15
10 0.175 0.66796875 0.14375 0.1296875
10 0.36171875 0.68828125 0.2296875 0.14375
10 0.24140625 0.4453125 0.1578125 0.084375
10 0.18984375 0.33671875 0.1140625 0.1
10 0.46484375 0.51796875 0.1375 0.1109375
10 0.48203125 0.41484375 0.14375 0.103125
10 0.38515625 0.2953125 0.1703125 0.1640625
10 0.38515625 0.175 0.1109375 0.1171875
10 0.63671875 0.33984375 0.1203125 0.1671875
10 0.56171875 0.58515625 0.2296875 0.1640625
10 0.81171875 0.8984375 0.203125 0.14375
10 0.7953125 0.71640625 0.1578125 0.1140625