10 0.4234375 0.58046875 0.1390625 0.153125
10 0.41640625 0.784375 0.1609375 0.128125
10 0.49140625 0.6875 0.1703125 0.1109375
10 0.58203125 0.61484375 0.078125 0.0640625
10 0.63515625 0.5125 0.0859375 0.0953125
10 0.53203125 0.52734375 0.078125 0.071875
10 0.57578125 0.46640625 0.08125 0.06875
10 0.54453125 0.4015625 0.1578125 0.134375
10 0.68671875 0.4265625 0.103125 0.10625
10 0.72734375 0.31171875 0.165625 0.0875
10 0.49609375 0.296875 0.084375 0.078125
10 0.584375 0.1515625 0.0890625 0.096875
10 0.5171875 0.16953125 0.084375 0.08125
10 0.57578125 0.10703125 0.1 0.09375
10 0.46796875 0.0390625 0.0703125 0.0625