10 0.2 0.15390625 0.134375 0.0859375
10 0.31015625 0.21484375 0.1171875 0.1359375
10 0.234375 0.27890625 0.171875 0.134375
10 0.340625 0.36171875 0.0859375 0.1125
10 0.34921875 0.45703125 0.0984375 0.1015625
10 0.2515625 0.4984375 0.1765625 0.2375
10 0.3109375 0.5734375 0.0671875 0.090625
10 0.35625 0.53515625 0.08125 0.103125
10 0.3671875 0.64296875 0.0890625 0.0921875
10 0.51796875 0.76796875 0.0671875 0.0828125
10 0.5921875 0.7484375 0.1515625 0.16875
10 0.5125 0.86796875 0.1640625 0.1609375
10 0.5734375 0.50234375 0.1390625 0.1171875
10 0.16875 0.0421875 0.134375 0.084375