10 0.190625 0.12734375 0.146875 0.146875
10 0.2984375 0.54765625 0.1671875 0.1859375
10 0.2828125 0.71875 0.096875 0.090625
10 0.33828125 0.95078125 0.1078125 0.0984375
10 0.10625 0.83828125 0.13125 0.1984375
10 0.1234375 0.72578125 0.1171875 0.121875
10 0.0609375 0.61796875 0.1171875 0.1546875
10 0.0640625 0.465625 0.128125 0.165625
10 0.065625 0.3296875 0.1203125 0.1234375
10 0.43515625 0.1390625 0.11875 0.1484375
10 0.5015625 0.54921875 0.125 0.1984375
10 0.5640625 0.71875 0.0921875 0.1125
10 0.58125 0.9125 0.1734375 0.1703125
10 0.60625 0.30859375 0.0859375 0.1046875
10 0.58359375 0.21484375 0.096875 0.0984375
10 0.58359375 0.11953125 0.115625 0.1359375
10 0.73984375 0.825 0.1109375 0.2328125
10 0.8328125 0.60078125 0.1109375 0.153125