10 0.134375 0.22421875 0.140625 0.0984375
10 0.2546875 0.26015625 0.1296875 0.1453125
10 0.19453125 0.3390625 0.1828125 0.1515625
10 0.315625 0.39765625 0.0953125 0.11875
10 0.34296875 0.4890625 0.1078125 0.1109375
10 0.25625 0.55078125 0.1984375 0.253125
10 0.33046875 0.61171875 0.075 0.096875
10 0.3671875 0.56484375 0.090625 0.1109375
10 0.4 0.66796875 0.096875 0.1
10 0.5734375 0.7578125 0.0734375 0.0890625
10 0.64140625 0.7234375 0.1671875 0.18125
10 0.5890625 0.85703125 0.178125 0.175
10 0.57265625 0.48671875 0.1484375 0.1296875
10 0.07890625 0.1109375 0.14375 0.11875