10 0.18203125 0.1703125 0.1296875 0.0796875
10 0.2953125 0.225 0.1109375 0.1296875
10 0.2234375 0.29296875 0.165625 0.1265625
10 0.33359375 0.3703125 0.0796875 0.1078125
10 0.346875 0.46484375 0.09375 0.096875
10 0.2515625 0.51171875 0.1640625 0.2296875
10 0.31484375 0.58359375 0.0625 0.0875
10 0.35859375 0.54296875 0.0765625 0.1
10 0.375 0.65 0.084375 0.0875
10 0.53203125 0.76640625 0.0625 0.0796875
10 0.6046875 0.74296875 0.14375 0.1609375
10 0.53203125 0.86640625 0.15625 0.153125
10 0.5734375 0.4984375 0.1328125 0.1109375
10 0.1453125 0.05 0.1296875 0.1