10 0.2140625 0.53359375 0.175 0.1578125
10 0.16640625 0.65078125 0.15 0.1375
10 0.35234375 0.68046875 0.2375 0.15625
10 0.24453125 0.43203125 0.1625 0.0921875
10 0.1984375 0.32109375 0.11875 0.10625
10 0.4640625 0.51640625 0.14375 0.11875
10 0.48671875 0.4140625 0.1484375 0.1109375
10 0.39609375 0.28984375 0.178125 0.1734375
10 0.40234375 0.16953125 0.1171875 0.1234375
10 0.64453125 0.346875 0.128125 0.1734375
10 0.55703125 0.58828125 0.2375 0.1765625
10 0.790625 0.9140625 0.2109375 0.1546875
10 0.78359375 0.73125 0.1640625 0.121875