10 0.26796875 0.46953125 0.153125 0.1328125
10 0.22265625 0.38984375 0.1078125 0.1046875
10 0.1234375 0.31953125 0.0921875 0.0734375
10 0.1484375 0.26640625 0.0890625 0.0921875
10 0.08828125 0.2109375 0.075 0.075
10 0.32109375 0.28671875 0.1234375 0.1328125
10 0.32109375 0.35625 0.096875 0.0859375
10 0.37421875 0.4046875 0.0984375 0.103125
10 0.36015625 0.61796875 0.071875 0.1
10 0.41171875 0.58828125 0.065625 0.0734375
10 0.46640625 0.578125 0.08125 0.08125
10 0.1359375 0.1625 0.1234375 0.09375
10 0.828125 0.8078125 0.1109375 0.128125