10 0.1984375 0.5765625 0.1578125 0.0984375
10 0.1109375 0.484375 0.1765625 0.1234375
10 0.2171875 0.38828125 0.1421875 0.1796875
10 0.5015625 0.3953125 0.1296875 0.19375
10 0.2203125 0.684375 0.1640625 0.1578125
10 0.25625 0.82578125 0.128125 0.1296875
10 0.39921875 0.803125 0.2234375 0.1453125
10 0.41953125 0.53671875 0.1203125 0.0953125
10 0.178125 0.2453125 0.1546875 0.14375
10 0.4609375 0.60390625 0.1140625 0.0890625
10 0.53671875 0.67421875 0.134375 0.1859375
10 0.75234375 0.76875 0.103125 0.078125