10 0.2734375 0.44140625 0.140625 0.1171875
10 0.23828125 0.35703125 0.096875 0.09375
10 0.1484375 0.275 0.084375 0.0640625
10 0.1796875 0.225 0.0796875 0.0828125
10 0.1265625 0.16328125 0.0671875 0.0671875
10 0.3484375 0.26640625 0.109375 0.1203125
10 0.33984375 0.33515625 0.0875 0.0765625
10 0.38671875 0.38984375 0.0875 0.09375
10 0.346875 0.6 0.0609375 0.09375
10 0.4015625 0.5765625 0.0578125 0.0671875
10 0.45703125 0.5734375 0.0734375 0.0734375
10 0.1796875 0.1203125 0.1140625 0.0796875
10 0.78828125 0.8453125 0.096875 0.1171875