10 0.26015625 0.0796875 0.1265625 0.1265625
10 0.29296875 0.51171875 0.140625 0.1640625
10 0.2484375 0.678125 0.084375 0.0765625
10 0.26015625 0.93515625 0.0875 0.1234375
10 0.053125 0.76484375 0.1 0.184375
10 0.08984375 0.65703125 0.1 0.10625
10 0.046875 0.53984375 0.09375 0.140625
10 0.06796875 0.38984375 0.1234375 0.146875
10 0.1015625 0.25703125 0.103125 0.1078125
10 0.4984375 0.13359375 0.096875 0.134375
10 0.49296875 0.5484375 0.09375 0.184375
10 0.525 0.7265625 0.0765625 0.1
10 0.50859375 0.9203125 0.15 0.146875
10 0.63828125 0.3296875 0.0703125 0.09375
10 0.63203125 0.23359375 0.0828125 0.0859375
10 0.6484375 0.13984375 0.096875 0.1203125
10 0.6796875 0.86171875 0.0734375 0.2234375
10 0.81015625 0.65703125 0.0875 0.140625