10 0.26953125 0.45703125 0.1484375 0.1265625
10 0.22890625 0.37578125 0.103125 0.1
10 0.13359375 0.3 0.0890625 0.0703125
10 0.1609375 0.24765625 0.0859375 0.0875
10 0.10390625 0.18984375 0.071875 0.071875
10 0.3328125 0.27734375 0.1171875 0.128125
10 0.32890625 0.346875 0.0921875 0.0828125
10 0.3796875 0.39765625 0.09375 0.1
10 0.35390625 0.61015625 0.0671875 0.0984375
10 0.40703125 0.58359375 0.0625 0.0703125
10 0.4625 0.5765625 0.078125 0.078125
10 0.15390625 0.14375 0.11875 0.0875
10 0.81171875 0.82421875 0.1046875 0.1234375