11 0.83125 0.06796875 0.0515625 0.046875
11 0.559375 0.1625 0.0515625 0.0375
11 0.40078125 0.5125 0.1015625 0.1015625
11 0.45234375 0.41953125 0.0453125 0.0390625
11 0.36875 0.41953125 0.053125 0.05
11 0.5640625 0.43125 0.05625 0.053125
11 0.64453125 0.57421875 0.0734375 0.0703125
11 0.68046875 0.59140625 0.0375 0.03125
11 0.73125 0.5828125 0.0453125 0.0359375
11 0.1671875 0.41640625 0.0640625 0.05625
11 0.82890625 0.2953125 0.08125 0.0875
11 0.2890625 0.54609375 0.0453125 0.0421875
11 0.04375 0.69453125 0.046875 0.0515625
11 0.21015625 0.63671875 0.08125 0.1
11 0.36796875 0.6328125 0.053125 0.0703125
11 0.53828125 0.6625 0.0640625 0.0765625
11 0.43515625 0.72890625 0.05625 0.053125
11 0.5875 0.3578125 0.0421875 0.034375
11 0.63984375 0.35390625 0.0375 0.0359375
11 0.496875 0.3375 0.0453125 0.0453125
11 0.521875 0.27109375 0.0421875 0.040625
11 0.38828125 0.2484375 0.0515625 0.040625
11 0.45703125 0.2046875 0.0515625 0.0296875
11 0.44296875 0.15703125 0.0515625 0.04375
11 0.3390625 0.2234375 0.0515625 0.046875
11 0.26640625 0.1140625 0.0625 0.04375
11 0.796875 0.11796875 0.040625 0.0359375
11 0.759375 0.2453125 0.0375 0.0390625
11 0.33203125 0.05390625 0.0390625 0.0359375
11 0.32421875 0.12578125 0.046875 0.0515625
11 0.39375 0.1921875 0.03125 0.03125
11 0.68046875 0.19921875 0.03125 0.034375
11 0.90859375 0.25625 0.0390625 0.0453125
11 0.796875 0.40703125 0.0390625 0.0390625
11 0.92578125 0.325 0.05 0.05625
11 0.9359375 0.165625 0.08125 0.0953125
11 0.17421875 0.8171875 0.1765625 0.1296875
11 0.50546875 0.7890625 0.040625 0.0375
11 0.53671875 0.7609375 0.0359375 0.03125
11 0.6171875 0.7359375 0.028125 0.028125
11 0.54765625 0.89609375 0.0375 0.0359375
11 0.75 0.7 0.0421875 0.040625
11 0.54921875 0.96484375 0.040625 0.03125
11 0.28828125 0.0734375 0.05625 0.053125
11 0.2203125 0.48984375 0.0359375 0.03125
11 0.2484375 0.46640625 0.0359375 0.028125
11 0.3546875 0.0125 0.034375 0.025
11 0.84765625 0.1328125 0.046875 0.0515625
11 0.88203125 0.14609375 0.028125 0.028125
11 0.41484375 0.8328125 0.03125 0.028125
11 0.7140625 0.240625 0.0578125 0.0828125
11 0.265625 0.32734375 0.128125 0.153125
11 0.578125 0.78125 0.0359375 0.028125
11 0.3890625 0.9015625 0.0421875 0.0359375
11 0.4453125 0.84609375 0.0359375 0.03125
11 0.11953125 0.940625 0.0640625 0.05625
11 0.04921875 0.83984375 0.03125 0.028125
11 0.19453125 0.734375 0.021875 0.021875
11 0.16484375 0.71640625 0.021875 0.021875
11 0.1140625 0.73046875 0.021875 0.021875
11 0.11015625 0.52265625 0.0953125 0.084375
11 0.4609375 0.68359375 0.0421875 0.03125
11 0.10078125 0.60859375 0.0640625 0.0625
11 0.44921875 0.90078125 0.10625 0.11875
11 0.42734375 0.29609375 0.0921875 0.0984375
11 0.77421875 0.20703125 0.025 0.028125
11 0.6625 0.1328125 0.0359375 0.03125
11 0.81875 0.43828125 0.046875 0.071875
11 0.55859375 0.5578125 0.03125 0.0390625
11 0.56953125 0.82421875 0.05625 0.05625
11 0.58203125 0.909375 0.0484375 0.046875
11 0.1875 0.28671875 0.04375 0.0546875
11 0.21328125 0.29921875 0.028125 0.025
11 0.265625 0.88984375 0.040625 0.03125
11 0.33515625 0.97421875 0.0359375 0.03125
11 0.71640625 0.53671875 0.0671875 0.0796875
11 0.221875 0.96796875 0.0625 0.0328125
11 0.36640625 0.96875 0.0515625 0.046875
11 0.815625 0.553125 0.0640625 0.1109375
11 0.13203125 0.36015625 0.0390625 0.028125
11 0.115625 0.41953125 0.0328125 0.0546875
11 0.94140625 0.2640625 0.025 0.03125
11 0.66640625 0.35 0.03125 0.025
11 0.75859375 0.43671875 0.025 0.028125