11 0.303125 0.3046875 0.2671875 0.178125
11 0.35859375 0.2515625 0.0640625 0.04375
11 0.20703125 0.57109375 0.0796875 0.078125
11 0.40859375 0.75078125 0.103125 0.0796875
11 0.26796875 0.840625 0.0671875 0.046875
11 0.61640625 0.52421875 0.1203125 0.1140625
11 0.59296875 0.7125 0.1390625 0.109375
11 0.73046875 0.88984375 0.078125 0.0546875
11 0.90390625 0.86484375 0.078125 0.0546875
11 0.8328125 0.9890625 0.115625 0.021875
11 0.1015625 0.18125 0.0984375 0.059375
11 0.396875 0.028125 0.109375 0.05625
11 0.95546875 0.40703125 0.065625 0.059375
11 0.69609375 0.3875 0.0375 0.0328125
11 0.52265625 0.28515625 0.05625 0.04375
11 0.62734375 0.2296875 0.0671875 0.05
11 0.36171875 0.48046875 0.2828125 0.196875