11 0.76796875 0.0265625 0.053125 0.0484375
11 0.51171875 0.1578125 0.053125 0.0390625
11 0.403125 0.5265625 0.1046875 0.1046875
11 0.4421875 0.4265625 0.046875 0.040625
11 0.35859375 0.43828125 0.053125 0.0515625
11 0.55390625 0.4234375 0.0578125 0.0546875
11 0.65390625 0.553125 0.0765625 0.0734375
11 0.69140625 0.565625 0.0390625 0.0328125
11 0.740625 0.54921875 0.046875 0.0375
11 0.15859375 0.46328125 0.065625 0.0578125
11 0.79765625 0.2515625 0.084375 0.090625
11 0.296875 0.575 0.046875 0.04375
11 0.075 0.75625 0.0484375 0.053125
11 0.23203125 0.67578125 0.084375 0.103125
11 0.3875 0.65 0.05625 0.071875
11 0.5609375 0.65546875 0.0671875 0.078125
11 0.4671875 0.7359375 0.0578125 0.0546875
11 0.56640625 0.346875 0.04375 0.0359375
11 0.61796875 0.3359375 0.0390625 0.0375
11 0.47421875 0.33984375 0.046875 0.046875
11 0.48984375 0.2703125 0.04375 0.0421875
11 0.35390625 0.26640625 0.053125 0.0421875
11 0.41640625 0.21328125 0.0515625 0.03125
11 0.3953125 0.16796875 0.053125 0.0453125
11 0.30234375 0.2484375 0.053125 0.0484375
11 0.215625 0.15 0.0640625 0.0453125
11 0.740625 0.08046875 0.0421875 0.0375
11 0.72109375 0.21171875 0.0390625 0.040625
11 0.27109375 0.08125 0.040625 0.0375
11 0.2734375 0.15390625 0.0484375 0.053125
11 0.35234375 0.21015625 0.0328125 0.0328125
11 0.6375 0.1765625 0.0328125 0.0359375
11 0.87109375 0.2015625 0.040625 0.046875
11 0.78046875 0.36640625 0.040625 0.040625
11 0.89765625 0.26796875 0.0515625 0.05625
11 0.88515625 0.1078125 0.084375 0.0984375
11 0.221875 0.859375 0.1796875 0.134375
11 0.5453125 0.78515625 0.0421875 0.0390625
11 0.57265625 0.753125 0.0375 0.0328125
11 0.64921875 0.7171875 0.028125 0.028125
11 0.60234375 0.8859375 0.0390625 0.0375
11 0.77578125 0.66328125 0.04375 0.0421875
11 0.61328125 0.95390625 0.0421875 0.0328125
11 0.23125 0.10703125 0.0578125 0.0546875
11 0.221875 0.52890625 0.0375 0.0328125
11 0.24609375 0.5015625 0.0359375 0.0296875
11 0.2875 0.0328125 0.0359375 0.0359375
11 0.79296875 0.0875 0.0484375 0.053125
11 0.8296875 0.09609375 0.028125 0.028125
11 0.46171875 0.84140625 0.03125 0.0296875
11 0.67578125 0.21328125 0.059375 0.084375
11 0.24375 0.36171875 0.1328125 0.15625
11 0.61640625 0.7671875 0.0359375 0.0296875
11 0.44609375 0.91328125 0.04375 0.0375
11 0.49375 0.85 0.0375 0.0328125
11 0.184375 0.98046875 0.065625 0.0390625
11 0.1015625 0.89921875 0.03125 0.0296875
11 0.2296875 0.77421875 0.021875 0.021875
11 0.1984375 0.7609375 0.021875 0.021875
11 0.15 0.78125 0.021875 0.021875
11 0.1171875 0.5765625 0.096875 0.0875
11 0.48671875 0.68671875 0.04375 0.0328125
11 0.11953125 0.66328125 0.065625 0.0640625
11 0.50546875 0.90390625 0.109375 0.121875
11 0.39921875 0.3078125 0.0953125 0.1015625
11 0.73046875 0.171875 0.025 0.028125
11 0.609375 0.1140625 0.0375 0.0328125
11 0.80703125 0.39453125 0.05 0.0734375
11 0.56640625 0.54921875 0.0328125 0.040625
11 0.6140625 0.81171875 0.0578125 0.0578125
11 0.63828125 0.89453125 0.05 0.0484375
11 0.1609375 0.33203125 0.0453125 0.05625
11 0.18828125 0.34140625 0.028125 0.025
11 0.32265625 0.91875 0.0421875 0.0328125
11 0.4015625 0.9875 0.0375 0.025
11 0.71953125 0.50625 0.06875 0.08125
11 0.28984375 0.9921875 0.0640625 0.015625
11 0.4328125 0.97890625 0.053125 0.0421875
11 0.8203125 0.50859375 0.0671875 0.1125
11 0.115625 0.4125 0.0390625 0.0296875
11 0.1078125 0.47421875 0.034375 0.05625
11 0.90390625 0.2046875 0.0265625 0.03125
11 0.64453125 0.328125 0.03125 0.0265625
11 0.746875 0.4015625 0.025 0.028125