11 0.30625 0.3015625 0.2703125 0.1828125
11 0.36328125 0.24921875 0.065625 0.0453125
11 0.20625 0.56640625 0.08125 0.078125
11 0.40390625 0.7484375 0.1046875 0.08125
11 0.26171875 0.83671875 0.06875 0.0484375
11 0.615625 0.52578125 0.121875 0.115625
11 0.5890625 0.7140625 0.140625 0.1125
11 0.72421875 0.89375 0.078125 0.05625
11 0.89765625 0.871875 0.078125 0.05625
11 0.825 0.9921875 0.115625 0.015625
11 0.10703125 0.175 0.0984375 0.0609375
11 0.40625 0.02734375 0.109375 0.0546875
11 0.95703125 0.41484375 0.0671875 0.059375
11 0.6984375 0.39140625 0.0375 0.034375
11 0.5265625 0.28515625 0.0578125 0.0453125
11 0.63203125 0.23203125 0.0671875 0.0515625
11 0.36171875 0.478125 0.2859375 0.2015625