11 0.80859375 0.0515625 0.05 0.04375
11 0.54140625 0.16015625 0.05 0.034375
11 0.4015625 0.51796875 0.096875 0.096875
11 0.4484375 0.421875 0.04375 0.0375
11 0.36484375 0.4265625 0.05 0.046875
11 0.56015625 0.428125 0.053125 0.05
11 0.6484375 0.56640625 0.0703125 0.0671875
11 0.68515625 0.58203125 0.0359375 0.0296875
11 0.73515625 0.5703125 0.04375 0.034375
11 0.16328125 0.43359375 0.0609375 0.053125
11 0.81796875 0.278125 0.0765625 0.084375
11 0.29140625 0.55703125 0.04375 0.040625
11 0.0546875 0.71796875 0.04375 0.05
11 0.21796875 0.6515625 0.0765625 0.096875
11 0.375 0.63984375 0.05 0.0671875
11 0.546875 0.66015625 0.0609375 0.0734375
11 0.446875 0.73203125 0.053125 0.05
11 0.5796875 0.353125 0.040625 0.0328125
11 0.63203125 0.346875 0.0359375 0.034375
11 0.48828125 0.33828125 0.04375 0.04375
11 0.51015625 0.2703125 0.040625 0.0390625
11 0.375 0.2546875 0.05 0.0375
11 0.44140625 0.20703125 0.05 0.0265625
11 0.425 0.16015625 0.05 0.040625
11 0.325 0.23203125 0.05 0.04375
11 0.246875 0.1265625 0.0609375 0.040625
11 0.7765625 0.103125 0.0390625 0.034375
11 0.7453125 0.23203125 0.0359375 0.0375
11 0.30859375 0.06328125 0.0375 0.034375
11 0.3046875 0.13515625 0.04375 0.05
11 0.378125 0.1984375 0.0296875 0.0296875
11 0.66484375 0.18984375 0.0296875 0.0328125
11 0.8953125 0.23515625 0.0375 0.04375
11 0.79140625 0.39140625 0.0375 0.0375
11 0.91640625 0.303125 0.046875 0.053125
11 0.91796875 0.14296875 0.0765625 0.0921875
11 0.19140625 0.83359375 0.1703125 0.1203125
11 0.5203125 0.78828125 0.0390625 0.0359375
11 0.55 0.75859375 0.034375 0.0296875
11 0.6296875 0.7296875 0.0265625 0.0265625
11 0.56796875 0.89296875 0.0359375 0.034375
11 0.76015625 0.68671875 0.040625 0.0390625
11 0.5734375 0.96171875 0.0390625 0.0296875
11 0.26640625 0.08515625 0.053125 0.05
11 0.2203125 0.5046875 0.034375 0.0296875
11 0.246875 0.4796875 0.034375 0.0265625
11 0.32890625 0.01640625 0.0328125 0.0328125
11 0.828125 0.11484375 0.04375 0.05
11 0.86328125 0.1265625 0.0265625 0.0265625
11 0.43203125 0.83671875 0.0296875 0.0265625
11 0.7 0.2296875 0.053125 0.0796875
11 0.25703125 0.33984375 0.1203125 0.146875
11 0.59296875 0.7765625 0.034375 0.0265625
11 0.41015625 0.90703125 0.040625 0.034375
11 0.46328125 0.8484375 0.034375 0.0296875
11 0.14296875 0.96015625 0.0609375 0.053125
11 0.06796875 0.86328125 0.0296875 0.0265625
11 0.20703125 0.75 0.0203125 0.0203125
11 0.1765625 0.73359375 0.0203125 0.0203125
11 0.1265625 0.75 0.0203125 0.0203125
11 0.11171875 0.54296875 0.090625 0.0796875
11 0.4703125 0.68515625 0.040625 0.0296875
11 0.10703125 0.6296875 0.0609375 0.059375
11 0.4703125 0.903125 0.1 0.1140625
11 0.41640625 0.3 0.0875 0.09375
11 0.75859375 0.19296875 0.0234375 0.0265625
11 0.64296875 0.125 0.034375 0.0296875
11 0.81484375 0.421875 0.04375 0.0703125
11 0.56171875 0.5546875 0.0296875 0.0375
11 0.58671875 0.8203125 0.053125 0.053125
11 0.603125 0.9046875 0.046875 0.04375
11 0.1765625 0.303125 0.040625 0.053125
11 0.203125 0.31484375 0.0265625 0.0234375
11 0.28671875 0.9015625 0.0390625 0.0296875
11 0.36015625 0.98203125 0.034375 0.0296875
11 0.71796875 0.525 0.0625 0.0765625
11 0.246875 0.98203125 0.0609375 0.0296875
11 0.39140625 0.975 0.05 0.04375
11 0.81796875 0.53671875 0.0578125 0.1078125
11 0.125 0.3796875 0.0375 0.0265625
11 0.11171875 0.43984375 0.0296875 0.053125
11 0.928125 0.24140625 0.0234375 0.0296875
11 0.65859375 0.34140625 0.0296875 0.0234375
11 0.7546875 0.4234375 0.0234375 0.0265625