11 0.26953125 0.34609375 0.265625 0.175
11 0.3140625 0.28359375 0.0640625 0.0421875
11 0.2265625 0.62578125 0.0796875 0.0765625
11 0.4578125 0.76328125 0.103125 0.078125
11 0.33671875 0.87890625 0.0671875 0.0453125
11 0.61875 0.5015625 0.1171875 0.1125
11 0.63203125 0.690625 0.1375 0.1078125
11 0.80078125 0.83828125 0.0765625 0.053125
11 0.9640625 0.7796875 0.071875 0.053125
11 0.925 0.93671875 0.115625 0.059375
11 0.0484375 0.26328125 0.096875 0.0578125
11 0.30859375 0.0484375 0.1078125 0.0703125
11 0.92890625 0.321875 0.065625 0.0578125
11 0.67109375 0.35234375 0.0375 0.0328125
11 0.48125 0.284375 0.05625 0.04375
11 0.5734375 0.21015625 0.065625 0.0484375
11 0.36015625 0.5078125 0.28125 0.1921875