11 0.6375 0.3828125 0.06875 0.0453125
11 0.64296875 0.46796875 0.059375 0.0421875
11 0.6296875 0.75625 0.0515625 0.0375
11 0.68046875 0.2046875 0.0546875 0.0390625
11 0.5140625 0.04296875 0.065625 0.0421875
11 0.5859375 0.2328125 0.0546875 0.0421875
11 0.57265625 0.31875 0.06875 0.0484375
11 0.4015625 0.2046875 0.0390625 0.03125
11 0.43203125 0.21796875 0.0453125 0.028125
11 0.3765625 0.69765625 0.040625 0.0453125
11 0.49140625 0.603125 0.0515625 0.0421875
11 0.47421875 0.7328125 0.0390625 0.0359375
11 0.5328125 0.71328125 0.0484375 0.0375
11 0.6578125 0.8703125 0.0609375 0.0515625
11 0.56484375 0.5421875 0.0484375 0.040625
11 0.584375 0.61328125 0.0515625 0.040625
11 0.54921875 0.56796875 0.0375 0.0421875
11 0.4640625 0.43671875 0.0453125 0.0390625
11 0.48828125 0.2609375 0.028125 0.025
11 0.4875 0.27890625 0.0421875 0.028125
11 0.41484375 0.0734375 0.034375 0.0359375