11 0.31796875 0.40546875 0.2734375 0.1140625
11 0.29765625 0.5375 0.3046875 0.121875
11 0.28359375 0.1578125 0.25 0.096875
11 0.3125 0.88828125 0.278125 0.096875
11 0.48359375 0.76953125 0.253125 0.109375
11 0.6140625 0.68125 0.11875 0.0625
11 0.71953125 0.66953125 0.1734375 0.0875
11 0.7 0.31640625 0.275 0.1171875
11 0.73125 0.27265625 0.1671875 0.09375
11 0.8734375 0.2671875 0.1640625 0.0984375
11 0.4796875 0.14375 0.209375 0.090625
11 0.4921875 0.09296875 0.203125 0.0671875
11 0.3546875 0.0078125 0.159375 0.015625
11 0.04921875 0.678125 0.0765625 0.040625
11 0.69140625 0.95078125 0.096875 0.0515625
11 0.71328125 0.79921875 0.0875 0.0546875