11 0.4921875 0.55390625 0.1078125 0.071875
11 0.36875 0.0609375 0.1328125 0.0953125
11 0.2765625 0.12578125 0.071875 0.05
11 0.20625 0.1234375 0.0671875 0.0515625
11 0.70546875 0.88515625 0.071875 0.05
11 0.51171875 0.40390625 0.11875 0.08125
11 0.584375 0.415625 0.053125 0.0359375
11 0.7125 0.58359375 0.0671875 0.0421875
11 0.91171875 0.24453125 0.0484375 0.0390625
11 0.26640625 0.47421875 0.0609375 0.034375
11 0.53359375 0.64296875 0.084375 0.0453125
11 0.55625 0.55703125 0.05 0.0296875
11 0.73046875 0.28828125 0.053125 0.0359375
11 0.8796875 0.38828125 0.0640625 0.034375
11 0.91171875 0.47890625 0.046875 0.0359375
11 0.94765625 0.46640625 0.040625 0.028125
11 0.83359375 0.62734375 0.046875 0.0328125
11 0.4359375 0.7453125 0.0703125 0.0390625
11 0.72890625 0.95390625 0.078125 0.046875
11 0.51484375 0.9828125 0.0671875 0.034375
11 0.56171875 0.9078125 0.053125 0.0296875
11 0.83671875 0.96484375 0.0609375 0.034375
11 0.9265625 0.6890625 0.1015625 0.0484375
11 0.953125 0.6546875 0.05625 0.034375
11 0.48984375 0.04609375 0.0375 0.028125
11 0.9109375 0.321875 0.046875 0.0328125
11 0.72265625 0.328125 0.04375 0.028125
11 0.69765625 0.3171875 0.0296875 0.0265625
11 0.8421875 0.4484375 0.0453125 0.0234375
11 0.84921875 0.2046875 0.025 0.0203125
11 0.784375 0.33515625 0.0390625 0.025
11 0.17734375 0.1734375 0.053125 0.0296875
11 0.940625 0.5265625 0.04375 0.028125
11 0.2109375 0.3765625 0.078125 0.046875
11 0.26796875 0.290625 0.0625 0.0453125
11 0.32421875 0.3359375 0.0359375 0.028125
11 0.328125 0.38984375 0.046875 0.0359375
11 0.5015625 0.28671875 0.046875 0.0359375
11 0.34609375 0.22890625 0.0421875 0.03125
11 0.36875 0.915625 0.075 0.04375
11 0.9375 0.76484375 0.0609375 0.0640625
11 0.7109375 0.36171875 0.0375 0.03125
11 0.63828125 0.3515625 0.0421875 0.025
11 0.59375 0.97109375 0.08125 0.0453125
11 0.3921875 0.44140625 0.075 0.04375
11 0.80859375 0.9234375 0.0546875 0.040625
11 0.59296875 0.609375 0.05 0.0359375
11 0.784375 0.45390625 0.046875 0.0296875
11 0.83671875 0.3203125 0.0609375 0.0375
11 0.28359375 0.89140625 0.0765625 0.0390625