11 0.4 0.5796875 0.2078125 0.1
11 0.4703125 0.7 0.1203125 0.053125
11 0.38203125 0.71796875 0.103125 0.04375
11 0.66484375 0.725 0.14375 0.04375
11 0.2953125 0.24140625 0.196875 0.090625
11 0.38515625 0.1046875 0.184375 0.0625
11 0.5765625 0.125 0.146875 0.1171875
11 0.9046875 0.4515625 0.1375 0.084375
11 0.753125 0.4796875 0.0734375 0.046875
11 0.78359375 0.59140625 0.0609375 0.0359375
11 0.1546875 0.38203125 0.090625 0.084375
11 0.203125 0.46015625 0.040625 0.034375
11 0.78984375 0.64140625 0.0796875 0.0625
11 0.90703125 0.78828125 0.0734375 0.0765625