11 0.69375 0.55703125 0.0859375 0.0625
11 0.7140625 0.1953125 0.0953125 0.059375
11 0.38515625 0.34609375 0.0625 0.040625
11 0.409375 0.85546875 0.11875 0.06875
11 0.84765625 0.5828125 0.0546875 0.0484375
11 0.79609375 0.5234375 0.0484375 0.028125
11 0.40703125 0.4984375 0.034375 0.01875
11 0.3765625 0.6640625 0.059375 0.025
11 0.68203125 0.7265625 0.034375 0.021875
11 0.409375 0.2265625 0.08125 0.05625
11 0.6734375 0.79140625 0.0359375 0.025
11 0.346875 0.0828125 0.03125 0.025
11 0.7484375 0.6734375 0.0375 0.025
11 0.7515625 0.55 0.0546875 0.0453125
11 0.3609375 0.440625 0.0453125 0.0453125
11 0.70546875 0.48671875 0.059375 0.0421875
11 0.88515625 0.728125 0.0421875 0.03125
11 0.9515625 0.70703125 0.0453125 0.03125
11 0.18984375 0.70234375 0.0546875 0.0359375
11 0.46015625 0.59375 0.0546875 0.0375