11 0.45234375 0.18203125 0.18125 0.1140625
11 0.4640625 0.43125 0.1671875 0.1140625
11 0.57421875 0.5 0.1421875 0.096875
11 0.06640625 0.675 0.06875 0.046875
11 0.4046875 0.51015625 0.0578125 0.046875
11 0.4421875 0.565625 0.1 0.0859375
11 0.63515625 0.78203125 0.1140625 0.08125
11 0.90859375 0.6359375 0.159375 0.121875
11 0.74765625 0.415625 0.165625 0.1171875
11 0.88359375 0.30625 0.15 0.134375
11 0.91875 0.20546875 0.153125 0.1640625
11 0.9890625 0.1734375 0.021875 0.1375
11 0.3015625 0.91953125 0.1796875 0.103125
11 0.52890625 0.91640625 0.0640625 0.0453125