11 0.49140625 0.55390625 0.1078125 0.0734375
11 0.37578125 0.05859375 0.134375 0.0984375
11 0.2828125 0.121875 0.0734375 0.05
11 0.21328125 0.11875 0.0671875 0.053125
11 0.6984375 0.8890625 0.0734375 0.05
11 0.51328125 0.40390625 0.1203125 0.084375
11 0.5859375 0.4171875 0.0546875 0.0375
11 0.7109375 0.5875 0.0671875 0.04375
11 0.915625 0.2515625 0.0484375 0.0390625
11 0.26640625 0.4703125 0.0609375 0.0359375
11 0.53125 0.64296875 0.084375 0.046875
11 0.5546875 0.5578125 0.05 0.03125
11 0.73359375 0.29296875 0.0546875 0.0375
11 0.88125 0.3953125 0.0640625 0.0359375
11 0.91171875 0.4859375 0.0484375 0.0359375
11 0.94765625 0.47421875 0.040625 0.0296875
11 0.83203125 0.63359375 0.046875 0.0328125
11 0.43125 0.74375 0.0703125 0.0390625
11 0.72109375 0.9578125 0.078125 0.0484375
11 0.50546875 0.9828125 0.0671875 0.034375
11 0.5546875 0.90859375 0.053125 0.03125
11 0.82890625 0.9703125 0.0609375 0.0359375
11 0.92265625 0.696875 0.1015625 0.05
11 0.95078125 0.6625 0.05625 0.034375
11 0.49765625 0.0453125 0.0375 0.028125
11 0.9140625 0.32890625 0.046875 0.0328125
11 0.72578125 0.33203125 0.04375 0.0296875
11 0.70078125 0.3203125 0.0296875 0.0265625
11 0.84296875 0.4546875 0.0453125 0.0234375
11 0.8546875 0.21015625 0.0265625 0.0203125
11 0.7875 0.33984375 0.0390625 0.025
11 0.1828125 0.16796875 0.053125 0.03125
11 0.93984375 0.534375 0.04375 0.0296875
11 0.21328125 0.371875 0.078125 0.0484375
11 0.271875 0.28671875 0.0625 0.0453125
11 0.32734375 0.3328125 0.0359375 0.028125
11 0.33046875 0.38671875 0.0484375 0.0359375
11 0.50546875 0.28671875 0.0484375 0.0359375
11 0.35078125 0.2265625 0.0421875 0.0328125
11 0.36171875 0.91328125 0.075 0.0453125
11 0.9328125 0.77265625 0.0609375 0.065625
11 0.71328125 0.365625 0.0375 0.03125
11 0.640625 0.35390625 0.0421875 0.0265625
11 0.5859375 0.97265625 0.08125 0.0453125
11 0.39296875 0.43984375 0.075 0.0453125
11 0.8015625 0.92890625 0.0546875 0.0421875
11 0.590625 0.6109375 0.0515625 0.0359375
11 0.78515625 0.45859375 0.046875 0.0296875
11 0.83984375 0.32578125 0.0625 0.0390625
11 0.2765625 0.8875 0.0765625 0.040625