11 0.6953125 0.55 0.084375 0.059375
11 0.703125 0.18828125 0.09375 0.05625
11 0.3796875 0.35 0.0609375 0.0390625
11 0.421875 0.85859375 0.1171875 0.0640625
11 0.85 0.5703125 0.053125 0.046875
11 0.796875 0.51328125 0.046875 0.0265625
11 0.40703125 0.5015625 0.034375 0.0171875
11 0.38203125 0.66796875 0.0578125 0.0234375
11 0.68984375 0.7203125 0.034375 0.0203125
11 0.4 0.2296875 0.0796875 0.053125
11 0.68359375 0.78515625 0.034375 0.0234375
11 0.33203125 0.08828125 0.0296875 0.0234375
11 0.7546875 0.66484375 0.0359375 0.0234375
11 0.753125 0.54140625 0.053125 0.04375
11 0.35859375 0.4453125 0.04375 0.04375
11 0.7046875 0.4796875 0.0578125 0.040625
11 0.89296875 0.71484375 0.040625 0.0296875
11 0.95859375 0.69140625 0.04375 0.0296875
11 0.196875 0.71328125 0.053125 0.034375
11 0.46328125 0.5953125 0.053125 0.0359375