11 0.61015625 0.35703125 0.0734375 0.0546875
11 0.6328125 0.4390625 0.0640625 0.05
11 0.6796875 0.7234375 0.05625 0.04375
11 0.615625 0.1734375 0.059375 0.046875
11 0.41875 0.05 0.0703125 0.0515625
11 0.528125 0.2203125 0.059375 0.05
11 0.53359375 0.3078125 0.075 0.0578125
11 0.3421875 0.23203125 0.0421875 0.0359375
11 0.37421875 0.23828125 0.0484375 0.034375
11 0.4203125 0.71875 0.0453125 0.05
11 0.51328125 0.60234375 0.05625 0.0484375
11 0.52265625 0.7328125 0.0421875 0.040625
11 0.57578125 0.7015625 0.053125 0.04375
11 0.73125 0.8296875 0.0671875 0.059375
11 0.57265625 0.52734375 0.053125 0.046875
11 0.60625 0.59296875 0.05625 0.046875
11 0.5625 0.55625 0.0421875 0.046875
11 0.4515625 0.44609375 0.05 0.04375
11 0.43828125 0.26875 0.0296875 0.028125
11 0.44140625 0.28671875 0.0453125 0.0328125
11 0.328125 0.1 0.0390625 0.0390625