11 0.31328125 0.415625 0.2703125 0.1
11 0.3 0.54765625 0.3 0.1078125
11 0.26640625 0.16953125 0.246875 0.084375
11 0.3328125 0.89765625 0.2765625 0.0828125
11 0.49765625 0.7703125 0.25 0.0953125
11 0.6234375 0.675 0.115625 0.0578125
11 0.728125 0.6578125 0.1703125 0.0796875
11 0.690625 0.30625 0.2703125 0.103125
11 0.71875 0.2609375 0.1640625 0.0859375
11 0.8609375 0.24765625 0.1609375 0.0890625
11 0.4609375 0.1453125 0.20625 0.08125
11 0.47109375 0.09375 0.2015625 0.05625
11 0.32890625 0.01015625 0.1578125 0.0203125
11 0.059375 0.70078125 0.075 0.0375
11 0.71484375 0.93984375 0.0953125 0.046875
11 0.728125 0.7875 0.0859375 0.05
11 0.01015625 0.86328125 0.0203125 0.0640625