11 0.4046875 0.58515625 0.2125 0.1109375
11 0.48046875 0.7015625 0.1234375 0.059375
11 0.39375 0.72421875 0.1046875 0.0484375
11 0.6765625 0.71640625 0.1453125 0.0515625
11 0.28203125 0.25234375 0.2015625 0.1015625
11 0.36484375 0.1109375 0.1875 0.071875
11 0.55703125 0.121875 0.153125 0.125
11 0.9015625 0.43046875 0.1421875 0.0921875
11 0.7515625 0.46640625 0.0765625 0.05
11 0.78828125 0.5765625 0.0625 0.0390625
11 0.14921875 0.4 0.0953125 0.0890625
11 0.2015625 0.47578125 0.0421875 0.0359375
11 0.796875 0.62578125 0.0828125 0.0671875
11 0.921875 0.76640625 0.078125 0.0796875