11 0.403125 0.19296875 0.171875 0.09375
11 0.45390625 0.4375 0.1578125 0.096875
11 0.5734375 0.48828125 0.134375 0.08125
11 0.09921875 0.740625 0.0640625 0.040625
11 0.4078125 0.525 0.053125 0.0421875
11 0.453125 0.57421875 0.0921875 0.075
11 0.678125 0.75703125 0.1078125 0.06875
11 0.925 0.57109375 0.1484375 0.10625
11 0.73125 0.378125 0.1546875 0.1
11 0.8484375 0.2484375 0.1359375 0.11875
11 0.8671875 0.14375 0.1375 0.1484375
11 0.959375 0.096875 0.0625 0.13125
11 0.36953125 0.9453125 0.171875 0.0828125
11 0.59375 0.90703125 0.059375 0.0390625