11 0.6921875 0.56015625 0.0875 0.0640625
11 0.71953125 0.19921875 0.096875 0.0609375
11 0.3875 0.34375 0.0625 0.0421875
11 0.403125 0.85390625 0.1203125 0.0703125
11 0.84609375 0.58828125 0.05625 0.05
11 0.79609375 0.52890625 0.0484375 0.0296875
11 0.40703125 0.496875 0.0359375 0.01875
11 0.3734375 0.66171875 0.059375 0.0265625
11 0.678125 0.7296875 0.0359375 0.021875
11 0.4140625 0.225 0.0828125 0.0578125
11 0.66875 0.79453125 0.0359375 0.025
11 0.35390625 0.0796875 0.03125 0.025
11 0.74609375 0.678125 0.0375 0.025
11 0.75078125 0.5546875 0.0546875 0.046875
11 0.36171875 0.43828125 0.0453125 0.0453125
11 0.70546875 0.490625 0.059375 0.04375
11 0.88125 0.73515625 0.0421875 0.03125
11 0.94765625 0.71484375 0.0453125 0.03125
11 0.1859375 0.696875 0.0546875 0.0375
11 0.45859375 0.59296875 0.0546875 0.0390625