11 0.59453125 0.025 0.034375 0.0359375
11 0.5140625 0.15 0.0359375 0.046875
11 0.53125 0.38671875 0.0828125 0.109375
11 0.496875 0.32109375 0.034375 0.0421875
11 0.571875 0.21875 0.0359375 0.053125
11 0.521875 0.22421875 0.0671875 0.10625
11 0.659375 0.2125 0.0421875 0.0515625
11 0.65 0.1203125 0.0359375 0.05
11 0.73125 0.1609375 0.053125 0.075
11 0.64375 0.0640625 0.0265625 0.0265625
11 0.6625 0.071875 0.0265625 0.0296875
11 0.71640625 0.090625 0.040625 0.0546875
11 0.7625 0.09296875 0.0421875 0.0578125
11 0.80234375 0.0578125 0.034375 0.0375
11 0.78125 0.225 0.0296875 0.0328125
11 0.70234375 0.2828125 0.0390625 0.0390625
11 0.6125 0.1875 0.028125 0.040625
11 0.7140625 0.23203125 0.0265625 0.0328125
11 0.67890625 0.36484375 0.0265625 0.0328125
11 0.6546875 0.33125 0.0421875 0.0671875
11 0.5234375 0.49296875 0.034375 0.0375
11 0.57578125 0.52265625 0.028125 0.040625
11 0.603125 0.3765625 0.028125 0.0375
11 0.57265625 0.35390625 0.028125 0.040625
11 0.6265625 0.31875 0.025 0.0359375
11 0.6796875 0.42578125 0.0328125 0.0328125
11 0.61328125 0.43515625 0.0234375 0.0296875
11 0.72734375 0.37890625 0.0375 0.0609375
11 0.71640625 0.4296875 0.0265625 0.0296875
11 0.60625 0.5484375 0.05625 0.0984375
11 0.6640625 0.51953125 0.0609375 0.0859375
11 0.66875 0.57890625 0.053125 0.075
11 0.425 0.60078125 0.0796875 0.1078125
11 0.575 0.865625 0.053125 0.075
11 0.59921875 0.72734375 0.0453125 0.0546875
11 0.59921875 0.76640625 0.0265625 0.0296875
11 0.63125 0.696875 0.0421875 0.0640625
11 0.63984375 0.73984375 0.0359375 0.053125
11 0.66328125 0.71484375 0.0515625 0.065625
11 0.5484375 0.66328125 0.0296875 0.0328125
11 0.49453125 0.6578125 0.040625 0.0515625
11 0.5203125 0.69296875 0.0296875 0.0328125
11 0.5203125 0.728125 0.0328125 0.0296875
11 0.51328125 0.7546875 0.034375 0.0375
11 0.51015625 0.7859375 0.0375 0.034375
11 0.50703125 0.83203125 0.040625 0.0546875
11 0.5375 0.83515625 0.0375 0.03125
11 0.5328125 0.8578125 0.0328125 0.0296875
11 0.68515625 0.4609375 0.0328125 0.0328125
11 0.5078125 0.45390625 0.0265625 0.0296875
11 0.5953125 0.29921875 0.0296875 0.0328125
11 0.5015625 0.059375 0.03125 0.0375
11 0.41953125 0.89140625 0.0625 0.103125
11 0.46796875 0.8 0.071875 0.14375
11 0.5 0.921875 0.04375 0.0546875
11 0.296875 0.81640625 0.03125 0.040625
11 0.31875 0.81640625 0.0265625 0.0328125
11 0.3640625 0.725 0.0234375 0.0265625
11 0.40390625 0.73203125 0.0234375 0.0234375
11 0.378125 0.79296875 0.0296875 0.0296875
11 0.34140625 0.64765625 0.0375 0.034375
11 0.38671875 0.61015625 0.0296875 0.0328125
11 0.36875 0.89609375 0.028125 0.0375
11 0.3359375 0.88984375 0.0328125 0.0328125
11 0.47734375 0.9890625 0.0421875 0.021875
11 0.50625 0.98125 0.03125 0.0375
11 0.55390625 0.90859375 0.04375 0.0390625
11 0.53984375 0.9484375 0.0578125 0.0703125
11 0.31171875 0.92109375 0.028125 0.0375
11 0.39296875 0.8703125 0.0265625 0.0265625
11 0.46640625 0.89765625 0.0265625 0.0265625
11 0.41171875 0.7921875 0.04375 0.034375
11 0.425 0.7703125 0.0296875 0.0328125
11 0.28671875 0.940625 0.04375 0.0453125
11 0.28671875 0.96171875 0.0421875 0.025
11 0.45 0.94296875 0.0265625 0.0265625
11 0.4515625 0.9625 0.05 0.0359375
11 0.56015625 0.72734375 0.028125 0.0375
11 0.5984375 0.6484375 0.0734375 0.0875
11 0.40546875 0.540625 0.0265625 0.0296875
11 0.43359375 0.53828125 0.03125 0.0375
11 0.47421875 0.49296875 0.03125 0.0375
11 0.48046875 0.51953125 0.025 0.0328125
11 0.490625 0.5421875 0.0328125 0.05
11 0.5109375 0.53828125 0.025 0.04375
11 0.534375 0.55078125 0.03125 0.0609375
11 0.5015625 0.57421875 0.034375 0.0421875
11 0.50234375 0.61171875 0.0375 0.05625
11 0.46796875 0.45234375 0.0640625 0.10625
11 0.5484375 0.4921875 0.025 0.0328125
11 0.6484375 0.4015625 0.0296875 0.0328125
11 0.6515625 0.43828125 0.0265625 0.0265625
11 0.74921875 0.2828125 0.03125 0.0375
11 0.5890625 0.9328125 0.0265625 0.0296875
11 0.61171875 0.8453125 0.028125 0.0375
11 0.7484375 0.396875 0.0671875 0.171875