11 0.2140625 0.6296875 0.146875 0.1140625
11 0.25546875 0.26484375 0.1890625 0.159375
11 0.60078125 0.35625 0.15625 0.115625
11 0.07578125 0.33203125 0.1421875 0.1296875
11 0.03359375 0.46953125 0.0671875 0.1265625
11 0.08671875 0.22421875 0.1546875 0.140625
11 0.17890625 0.1578125 0.134375 0.1140625
11 0.73984375 0.0578125 0.2765625 0.115625
11 0.53828125 0.496875 0.1 0.08125
11 0.503125 0.57265625 0.09375 0.0765625
11 0.31640625 0.834375 0.134375 0.0828125
11 0.75546875 0.61171875 0.134375 0.0984375
11 0.51640625 0.80859375 0.18125 0.1046875
11 0.6484375 0.23359375 0.034375 0.0375
11 0.40859375 0.41015625 0.0515625 0.040625
11 0.30859375 0.6265625 0.0484375 0.0421875
11 0.44375 0.621875 0.0484375 0.0359375
11 0.12265625 0.665625 0.0421875 0.0359375
11 0.18203125 0.69765625 0.0421875 0.0359375