11 0.80078125 0.04609375 0.05 0.0453125
11 0.53515625 0.159375 0.05 0.0359375
11 0.4015625 0.51953125 0.0984375 0.0984375
11 0.446875 0.42265625 0.04375 0.0375
11 0.36328125 0.42890625 0.0515625 0.0484375
11 0.55859375 0.42734375 0.0546875 0.0515625
11 0.64921875 0.5640625 0.071875 0.06875
11 0.68671875 0.57890625 0.0359375 0.0296875
11 0.73671875 0.56640625 0.04375 0.034375
11 0.1625 0.43984375 0.0625 0.0546875
11 0.8140625 0.27265625 0.078125 0.0859375
11 0.2921875 0.5609375 0.04375 0.040625
11 0.05859375 0.72578125 0.0453125 0.05
11 0.2203125 0.65625 0.078125 0.0984375
11 0.37734375 0.6421875 0.0515625 0.06875
11 0.55 0.659375 0.0625 0.075
11 0.45078125 0.7328125 0.0546875 0.0515625
11 0.57734375 0.3515625 0.040625 0.0328125
11 0.6296875 0.34453125 0.0359375 0.034375
11 0.48515625 0.33828125 0.04375 0.04375
11 0.50625 0.2703125 0.040625 0.0390625
11 0.37109375 0.25703125 0.05 0.0390625
11 0.4359375 0.2078125 0.05 0.028125
11 0.41875 0.16171875 0.05 0.0421875
11 0.3203125 0.23515625 0.05 0.0453125
11 0.240625 0.13125 0.0609375 0.0421875
11 0.76953125 0.0984375 0.0390625 0.034375
11 0.740625 0.228125 0.0359375 0.0375
11 0.30078125 0.06640625 0.0375 0.034375
11 0.2984375 0.13828125 0.0453125 0.05
11 0.37265625 0.20078125 0.0296875 0.0296875
11 0.659375 0.18671875 0.0296875 0.0328125
11 0.890625 0.228125 0.0375 0.04375
11 0.78984375 0.38671875 0.0375 0.0375
11 0.91328125 0.29609375 0.0484375 0.0546875
11 0.91171875 0.1359375 0.078125 0.09375
11 0.19765625 0.8390625 0.171875 0.1234375
11 0.525 0.7875 0.0390625 0.0359375
11 0.5546875 0.7578125 0.034375 0.0296875
11 0.63359375 0.72734375 0.0265625 0.0265625
11 0.575 0.89140625 0.0359375 0.034375
11 0.76328125 0.68203125 0.040625 0.0390625
11 0.58125 0.96015625 0.0390625 0.0296875
11 0.259375 0.0890625 0.0546875 0.0515625
11 0.2203125 0.509375 0.034375 0.0296875
11 0.246875 0.484375 0.034375 0.0265625
11 0.3203125 0.01953125 0.0328125 0.0328125
11 0.82109375 0.109375 0.0453125 0.05
11 0.85703125 0.1203125 0.0265625 0.0265625
11 0.43828125 0.8375 0.0296875 0.0265625
11 0.6953125 0.2265625 0.0546875 0.08125
11 0.25390625 0.34375 0.1234375 0.1484375
11 0.59765625 0.775 0.034375 0.0265625
11 0.4171875 0.90859375 0.040625 0.034375
11 0.46953125 0.84921875 0.034375 0.0296875
11 0.15078125 0.96640625 0.0625 0.0546875
11 0.07421875 0.87109375 0.0296875 0.0265625
11 0.21171875 0.7546875 0.0203125 0.0203125
11 0.18046875 0.7390625 0.0203125 0.0203125
11 0.13125 0.75625 0.0203125 0.0203125
11 0.1125 0.55 0.0921875 0.08125
11 0.4734375 0.6859375 0.040625 0.0296875
11 0.109375 0.63671875 0.0625 0.0609375
11 0.47734375 0.90390625 0.1015625 0.115625
11 0.41328125 0.3015625 0.0890625 0.0953125
11 0.753125 0.18828125 0.0234375 0.0265625
11 0.63671875 0.12265625 0.034375 0.0296875
11 0.81328125 0.41640625 0.0453125 0.0703125
11 0.5625 0.55390625 0.0296875 0.0375
11 0.5921875 0.81875 0.0546875 0.0546875
11 0.61015625 0.903125 0.046875 0.0453125
11 0.1734375 0.30859375 0.0421875 0.053125
11 0.2 0.3203125 0.0265625 0.0234375
11 0.29375 0.90546875 0.0390625 0.0296875
11 0.36875 0.984375 0.034375 0.0296875
11 0.71875 0.52109375 0.0640625 0.078125
11 0.25546875 0.98515625 0.0609375 0.0296875
11 0.4 0.9765625 0.05 0.0453125
11 0.81875 0.53125 0.059375 0.109375
11 0.12265625 0.3859375 0.0375 0.0265625
11 0.1109375 0.446875 0.03125 0.053125
11 0.9234375 0.23359375 0.0234375 0.0296875
11 0.65546875 0.33828125 0.0296875 0.0234375
11 0.753125 0.41875 0.0234375 0.0265625