11 0.31015625 0.421875 0.2671875 0.090625
11 0.3015625 0.5546875 0.296875 0.096875
11 0.2546875 0.178125 0.24375 0.0765625
11 0.346875 0.903125 0.2734375 0.0734375
11 0.50703125 0.7703125 0.246875 0.0875
11 0.6296875 0.6703125 0.1140625 0.053125
11 0.73359375 0.65 0.1671875 0.0734375
11 0.68359375 0.3 0.2671875 0.09375
11 0.71015625 0.253125 0.1609375 0.0796875
11 0.8515625 0.23515625 0.1578125 0.084375
11 0.4484375 0.146875 0.203125 0.0734375
11 0.45703125 0.0953125 0.2 0.05
11 0.31171875 0.01171875 0.1578125 0.0234375
11 0.06640625 0.71640625 0.0734375 0.034375
11 0.7296875 0.93203125 0.09375 0.04375
11 0.73828125 0.7796875 0.084375 0.046875
11 0.01640625 0.88125 0.0328125 0.0625