5 0.49921875 0.4984375 0.99375 0.99296875
5 0.390625 0.71875 0.7421875 0.55390625
5 0.2953125 0.634375 0.2140625 0.26484375
5 0.8875 0.42578125 0.08671875 0.2109375
5 0.44921875 0.12109375 0.103125 0.178125
5 0.88515625 0.7671875 0.225 0.1296875
5 0.48515625 0.225 0.12421875 0.0640625
5 0.66484375 0.67109375 0.2046875 0.1921875
5 0.12890625 0.70625 0.14765625 0.2640625
5 0.16015625 0.35234375 0.31875 0.33828125
5 0.1546875 0.2578125 0.3078125 0.10703125
5 0.81796875 0.34921875 0.228125 0.36171875