5 0.5109375 0.4984375 0.971875 0.9953125
5 0.909375 0.259375 0.17734375 0.11796875
5 0.309375 0.67890625 0.24609375 0.2578125
5 0.88671875 0.67734375 0.20703125 0.6390625
5 0.546875 0.86171875 0.27421875 0.2671875
5 0.27890625 0.2953125 0.15390625 0.18515625
5 0.2015625 0.1171875 0.34921875 0.134375
5 0.834375 0.09140625 0.328125 0.1828125
5 0.40625 0.2390625 0.15390625 0.22578125
5 0.40078125 0.5953125 0.42890625 0.42421875
5 0.43359375 0.0828125 0.1109375 0.16484375
5 0.6015625 0.07265625 0.17265625 0.1453125