5 0.5 0.5 1 1
5 0.8765625 0.67109375 0.246875 0.6140625
5 0.8921875 0.2671875 0.1890625 0.13125
5 0.8015625 0.103125 0.35 0.20625
5 0.26484375 0.34765625 0.1671875 0.1953125
5 0.5703125 0.8796875 0.29375 0.240625
5 0.3234375 0.7328125 0.26875 0.2765625
5 0.40625 0.6421875 0.4578125 0.4578125
5 0.1703125 0.16953125 0.340625 0.1546875
5 0.38515625 0.284375 0.1765625 0.2359375
5 0.58984375 0.0890625 0.2265625 0.178125
5 0.396875 0.10625 0.1359375 0.2078125
5 0.32578125 0.30546875 0.2984375 0.2796875