5 0.509375 0.4984375 0.975 0.9953125
5 0.87578125 0.69765625 0.2296875 0.6
5 0.9078125 0.2953125 0.18125 0.11875
5 0.8296875 0.11796875 0.33671875 0.19765625
5 0.27578125 0.33125 0.1546875 0.18515625
5 0.54453125 0.88515625 0.27890625 0.225
5 0.3078125 0.7203125 0.25078125 0.259375
5 0.396875 0.63515625 0.4296875 0.42890625
5 0.19140625 0.14765625 0.33671875 0.13203125
5 0.40078125 0.2765625 0.1609375 0.225
5 0.61875 0.0890625 0.21484375 0.178125
5 0.42421875 0.1 0.12265625 0.2
5 0.33984375 0.29375 0.28125 0.26015625