5 0.20234375 0.25234375 0.4 0.23515625
5 0.49921875 0.49921875 0.99375 0.9953125
5 0.190625 0.7734375 0.1578125 0.44921875
5 0.70859375 0.37421875 0.16328125 0.221875
5 0.9078125 0.88125 0.18125 0.234375
5 0.2671875 0.43984375 0.16796875 0.12109375
5 0.61015625 0.62734375 0.23203125 0.2140625
5 0.87421875 0.57265625 0.134375 0.15078125
5 0.45546875 0.5640625 0.54296875 0.68203125
5 0.53828125 0.30234375 0.08671875 0.17109375
5 0.75234375 0.1296875 0.2140625 0.13515625
5 0.90078125 0.50234375 0.1953125 0.31171875
5 0.58515625 0.72578125 0.221875 0.35703125