5 0.6671875 0.3109375 0.1828125 0.2328125
5 0.5 0.5 1 1
5 0.20625 0.76328125 0.209375 0.4734375
5 0.90625 0.8125 0.1875 0.3125
5 0.43671875 0.525 0.5921875 0.7078125
5 0.6734375 0.10078125 0.24375 0.2015625
5 0.6140625 0.2203125 0.390625 0.440625
5 0.23828125 0.4234375 0.1734375 0.1359375
5 0.85078125 0.49140625 0.146875 0.1609375
5 0.475 0.93515625 0.36875 0.1296875
5 0.19765625 0.23515625 0.3953125 0.2453125
5 0.59453125 0.56796875 0.2484375 0.2265625
5 0.590625 0.65390625 0.284375 0.3984375
5 0.50078125 0.14453125 0.1578125 0.1484375
5 0.2234375 0.06640625 0.446875 0.1265625