5 0.72578125 0.8359375 0.31015625 0.32421875
5 0.28671875 0.140625 0.28984375 0.28125
5 0.81328125 0.11484375 0.1703125 0.22890625
5 0.48515625 0.66015625 0.43203125 0.51328125
5 0.440625 0.4984375 0.8796875 0.996875
5 0.9625 0.16171875 0.06875 0.3234375
5 0.28828125 0.43046875 0.18203125 0.48671875
5 0.2171875 0.8734375 0.31328125 0.09921875
5 0.8546875 0.16171875 0.28671875 0.32265625
5 0.071875 0.6875 0.14296875 0.175
5 0.1875 0.7984375 0.37265625 0.3953125
5 0.18828125 0.771875 0.20703125 0.12578125
5 0.28671875 0.3375 0.2890625 0.67265625
5 0.0859375 0.553125 0.171875 0.2328125