5 0.6828125 0.3265625 0.16484375 0.21875
5 0.49921875 0.5 0.99375 0.99375
5 0.18359375 0.75234375 0.1671875 0.490625
5 0.89765625 0.84921875 0.20078125 0.29609375
5 0.43515625 0.51953125 0.53671875 0.66328125
5 0.7078125 0.11484375 0.22890625 0.1890625
5 0.6390625 0.22890625 0.35625 0.415625
5 0.24609375 0.40078125 0.1640625 0.121875
5 0.85 0.521875 0.134375 0.15
5 0.4375 0.93984375 0.359375 0.115625
5 0.20625 0.209375 0.41015625 0.21015625
5 0.58828125 0.57578125 0.23125 0.2078125
5 0.5765625 0.6609375 0.253125 0.378125
5 0.53203125 0.14609375 0.14609375 0.1359375
5 0.24140625 0.0421875 0.4828125 0.084375