5 0.49921875 0.49921875 0.99765625 0.99609375
5 0.56953125 0.19453125 0.22109375 0.3890625
5 0.190625 0.29296875 0.16171875 0.278125
5 0.446875 0.82265625 0.2 0.2578125
5 0.26328125 0.215625 0.52578125 0.43125
5 0.440625 0.83984375 0.4609375 0.3171875
5 0.1671875 0.60859375 0.13984375 0.13515625
5 0.7046875 0.34921875 0.1796875 0.190625
5 0.2640625 0.10546875 0.52578125 0.2109375
5 0.88203125 0.29375 0.23203125 0.36875
5 0.82890625 0.121875 0.33828125 0.24296875
5 0.77421875 0.334375 0.446875 0.453125