5 0.49921875 0.49765625 0.99375 0.99375
5 0.87578125 0.78515625 0.2453125 0.425
5 0.2421875 0.465625 0.34375 0.19375
5 0.10078125 0.96328125 0.20078125 0.0703125
5 0.1828125 0.29609375 0.153125 0.28203125
5 0.41875 0.72421875 0.47734375 0.49921875
5 0.553125 0.23828125 0.1796875 0.47578125
5 0.7046875 0.971875 0.07578125 0.05234375
5 0.7609375 0.446875 0.4640625 0.52734375
5 0.5078125 0.634375 0.2953125 0.10078125
5 0.259375 0.80625 0.1578125 0.33515625
5 0.17421875 0.09375 0.34765625 0.18671875