11 0.01875 0.11796875 0.0375 0.0296875
11 0.01796875 0.24765625 0.0359375 0.0546875
11 0.134375 0.409375 0.0703125 0.1171875
11 0.1328125 0.55078125 0.0625 0.065625
11 0.12578125 0.7015625 0.065625 0.109375
11 0.103125 0.19453125 0.04375 0.0609375
11 0.36484375 0.20078125 0.0421875 0.0640625
11 0.371875 0.44140625 0.06875 0.075
11 0.44921875 0.3953125 0.04375 0.0734375
11 0.47578125 0.2671875 0.0421875 0.0609375
11 0.228125 0.76015625 0.065625 0.0421875
11 0.378125 0.58203125 0.040625 0.034375
11 0.50703125 0.5828125 0.053125 0.0625
11 0.47578125 0.1640625 0.046875 0.0828125
11 0.50546875 0.11015625 0.0546875 0.0609375
11 0.6703125 0.0765625 0.053125 0.096875
11 0.621875 0.371875 0.040625 0.05
11 0.528125 0.221875 0.0640625 0.059375
11 0.37265625 0.94765625 0.059375 0.0625
11 0.6578125 0.64609375 0.0453125 0.0375
11 0.87421875 0.45625 0.0609375 0.05625
11 0.53515625 0.80078125 0.053125 0.04375
11 0.58671875 0.80390625 0.0421875 0.0515625
11 0.97421875 0.32109375 0.04375 0.090625
11 0.86875 0.96796875 0.0609375 0.034375
11 0.8890625 0.8796875 0.05 0.05625
11 0.44140625 0.75625 0.0484375 0.040625
11 0.290625 0.740625 0.0265625 0.028125