11 0.00625 0.309375 0.0125 0.059375
11 0.12578125 0.4546875 0.084375 0.1234375
11 0.1421875 0.5953125 0.06875 0.071875
11 0.153125 0.74609375 0.078125 0.115625
11 0.06875 0.2453125 0.05 0.065625
11 0.3296875 0.21953125 0.0484375 0.06875
11 0.365625 0.45703125 0.0765625 0.0828125
11 0.43671875 0.40234375 0.0515625 0.078125
11 0.44765625 0.27265625 0.0484375 0.065625
11 0.26171875 0.79140625 0.0703125 0.05
11 0.3890625 0.59609375 0.0453125 0.0390625
11 0.5171875 0.58125 0.059375 0.0671875
11 0.43515625 0.16953125 0.05625 0.0890625
11 0.4578125 0.1125 0.0609375 0.065625
11 0.6171875 0.059375 0.0640625 0.1015625
11 0.60546875 0.3578125 0.0453125 0.0546875
11 0.49375 0.22109375 0.0703125 0.065625
11 0.428125 0.96015625 0.065625 0.06875
11 0.675 0.62578125 0.05 0.0421875
11 0.86640625 0.4109375 0.0671875 0.0625
11 0.57109375 0.79453125 0.0578125 0.0484375
11 0.62265625 0.79140625 0.046875 0.05625
11 0.94921875 0.26484375 0.0546875 0.0953125
11 0.92265625 0.91953125 0.065625 0.040625
11 0.93203125 0.8296875 0.05625 0.0609375
11 0.47265625 0.76171875 0.053125 0.0453125
11 0.321875 0.7640625 0.0296875 0.03125