11 0.1265625 0.44296875 0.071875 0.1375
11 0.24140625 0.41328125 0.09375 0.11875
11 0.37734375 0.2328125 0.121875 0.20625
11 0.24296875 0.7703125 0.2265625 0.1453125
11 0.40546875 0.53828125 0.1421875 0.178125
11 0.5109375 0.31015625 0.0921875 0.2125
11 0.5875 0.21484375 0.0578125 0.1359375
11 0.67734375 0.33046875 0.1296875 0.13125
11 0.85625 0.30859375 0.1765625 0.18125
11 0.5453125 0.921875 0.20625 0.153125
11 0.025 0.865625 0.05 0.140625
11 0.54453125 0.71328125 0.1421875 0.14375
11 0.590625 0.609375 0.0703125 0.1578125
11 0.834375 0.50234375 0.075 0.10625
11 0.81015625 0.7296875 0.053125 0.103125
11 0.87421875 0.65 0.05625 0.103125
11 0.99296875 0.35390625 0.0140625 0.1328125
11 0.9734375 0.546875 0.0515625 0.134375
11 0.93125 0.93046875 0.0453125 0.1234375
11 0.99375 0.1078125 0.0125 0.078125