11 0.1765625 0.3015625 0.0828125 0.0984375
11 0.190625 0.41640625 0.1046875 0.0859375
11 0.13671875 0.58046875 0.128125 0.1734375
11 0.3390625 0.4859375 0.0703125 0.178125
11 0.50703125 0.4140625 0.1 0.15
11 0.41328125 0.15546875 0.065625 0.08125
11 0.275 0.075 0.065625 0.0921875
11 0.73046875 0.11171875 0.090625 0.1328125
11 0.65078125 0.26171875 0.0484375 0.0984375
11 0.70234375 0.39375 0.0484375 0.0859375
11 0.51875 0.64375 0.096875 0.1140625
11 0.5296875 0.81015625 0.075 0.103125
11 0.3421875 0.84765625 0.0703125 0.178125
11 0.21484375 0.74453125 0.0765625 0.109375
11 0.20390625 0.93359375 0.034375 0.075
11 0.8734375 0.3359375 0.065625 0.109375
11 0.89296875 0.146875 0.034375 0.0859375
11 0.8078125 0.61484375 0.1 0.15
11 0.79375 0.81640625 0.1140625 0.1734375
11 0.63671875 0.753125 0.0765625 0.1140625
11 0.81171875 0.4859375 0.0734375 0.109375
11 0.50859375 0.15234375 0.0484375 0.075
11 0.86171875 0.02890625 0.0484375 0.046875