11 0.09765625 0.0859375 0.0765625 0.171875
11 0.11171875 0.57109375 0.0421875 0.165625
11 0.03359375 0.7828125 0.0671875 0.253125
11 0.2890625 0.83046875 0.109375 0.16875
11 0.196875 0.09453125 0.05625 0.090625
11 0.25703125 0.203125 0.06875 0.1671875
11 0.18203125 0.6515625 0.0375 0.2234375
11 0.41015625 0.625 0.05 0.203125
11 0.38359375 0.1328125 0.0296875 0.1265625
11 0.52421875 0.7515625 0.0921875 0.1203125
11 0.51328125 0.1921875 0.0328125 0.1359375
11 0.6953125 0.10546875 0.0484375 0.175
11 0.65546875 0.859375 0.096875 0.1296875
11 0.68671875 0.659375 0.109375 0.2453125
11 0.865625 0.71171875 0.05625 0.309375
11 0.94609375 0.6 0.0640625 0.15625
11 0.953125 0.24921875 0.0609375 0.2234375
11 0.8359375 0.396875 0.0359375 0.184375
11 0.78359375 0.2265625 0.040625 0.1359375
11 0.43984375 0.371875 0.040625 0.15625
11 0.4375 0.08046875 0.046875 0.1609375
11 0.58671875 0.35546875 0.053125 0.146875
11 0.628125 0.16484375 0.0546875 0.2234375