11 0.43828125 0.42578125 0.1921875 0.1921875
11 0.30859375 0.63671875 0.1671875 0.13125
11 0.1765625 0.61015625 0.10625 0.1125
11 0.70390625 0.2625 0.1453125 0.153125
11 0.671875 0.42265625 0.1703125 0.1203125
11 0.86015625 0.328125 0.21875 0.153125
11 0.040625 0.3734375 0.065625 0.0734375
11 0.1828125 0.74375 0.19375 0.0984375
11 0.4796875 0.6953125 0.1640625 0.125
11 0.740625 0.496875 0.1046875 0.096875
11 0.49296875 0.26015625 0.090625 0.0640625
11 0.86796875 0.5359375 0.18125 0.11875
11 0.728125 0.61015625 0.1375 0.096875
11 0.959375 0.5265625 0.08125 0.2
11 0.5875 0.646875 0.05625 0.0953125
11 0.18515625 0.50859375 0.221875 0.10625
11 0.38359375 0.315625 0.090625 0.103125