11 0.05859375 0.37578125 0.01875 0.034375
11 0.0890625 0.30625 0.0171875 0.0328125
11 0.08515625 0.25625 0.015625 0.0328125
11 0.121875 0.2234375 0.0125 0.021875
11 0.27734375 0.41015625 0.028125 0.0390625
11 0.08671875 0.81796875 0.040625 0.0296875
11 0.2078125 0.7890625 0.040625 0.0296875
11 0.1453125 0.81796875 0.0171875 0.0203125
11 0.153125 0.70625 0.021875 0.034375
11 0.2 0.58046875 0.0109375 0.03125
11 0.25 0.7796875 0.0296875 0.021875
11 0.2765625 0.70078125 0.034375 0.025
11 0.3140625 0.7875 0.0203125 0.0203125
11 0.29609375 0.765625 0.025 0.015625
11 0.32890625 0.759375 0.028125 0.0171875
11 0.1875 0.74609375 0.021875 0.0203125
11 0.34765625 0.75234375 0.0171875 0.0203125
11 0.2578125 0.796875 0.015625 0.0234375
11 0.32421875 0.67890625 0.0265625 0.0328125
11 0.234375 0.9578125 0.0140625 0.028125
11 0.26015625 0.83515625 0.0109375 0.021875
11 0.11953125 0.73671875 0.0125 0.0234375
11 0.0328125 0.453125 0.0265625 0.0375
11 0.2359375 0.92890625 0.015625 0.0296875
11 0.26015625 0.89140625 0.0125 0.0171875
11 0.40390625 0.73515625 0.0296875 0.0203125
11 0.4765625 0.57734375 0.021875 0.015625
11 0.4640625 0.60234375 0.01875 0.0203125
11 0.3734375 0.93828125 0.0265625 0.025
11 0.446875 0.7296875 0.025 0.021875
11 0.490625 0.728125 0.0375 0.0375
11 0.55859375 0.7109375 0.0265625 0.034375
11 0.5984375 0.70234375 0.0265625 0.028125
11 0.63046875 0.72109375 0.0265625 0.028125
11 0.415625 0.91171875 0.0375 0.0296875
11 0.3546875 0.27109375 0.0265625 0.0296875
11 0.55 0.5296875 0.059375 0.046875
11 0.5875 0.72578125 0.0265625 0.0328125
11 0.48046875 0.8578125 0.03125 0.0296875
11 0.4734375 0.4390625 0.0296875 0.0421875