11 0.12265625 0.4890625 0.05625 0.13125
11 0.2328125 0.4453125 0.08125 0.109375
11 0.34609375 0.25 0.0984375 0.1953125
11 0.278125 0.79921875 0.2140625 0.1203125
11 0.4109375 0.54921875 0.1234375 0.1640625
11 0.4875 0.31015625 0.0671875 0.20625
11 0.55234375 0.20625 0.0421875 0.13125
11 0.65546875 0.31015625 0.115625 0.11875
11 0.83046875 0.26640625 0.1578125 0.1625
11 0.59609375 0.91328125 0.1921875 0.13125
11 0.0453125 0.92421875 0.090625 0.13125
11 0.5703125 0.70625 0.1265625 0.1296875
11 0.603125 0.59765625 0.0515625 0.153125
11 0.83203125 0.46171875 0.0640625 0.0984375
11 0.8359375 0.68984375 0.0421875 0.0984375
11 0.88984375 0.603125 0.0453125 0.0984375
11 0.984375 0.29375 0.025 0.13125
11 0.97578125 0.4890625 0.0359375 0.13125
11 0.98046875 0.875 0.03125 0.1203125
11 0.9546875 0.04921875 0.028125 0.075