11 0.07578125 0.09609375 0.0671875 0.1921875
11 0.115625 0.59140625 0.034375 0.1640625
11 0.03828125 0.8078125 0.0765625 0.25
11 0.30703125 0.84140625 0.1015625 0.1640625
11 0.17578125 0.1109375 0.0515625 0.0875
11 0.2421875 0.21640625 0.0609375 0.1640625
11 0.190625 0.66796875 0.0265625 0.221875
11 0.4171875 0.6296875 0.0390625 0.2015625
11 0.36484375 0.1390625 0.0234375 0.125
11 0.5375 0.75 0.0859375 0.115625
11 0.496875 0.1921875 0.0265625 0.134375
11 0.67421875 0.09609375 0.0390625 0.1734375
11 0.67421875 0.85078125 0.090625 0.125
11 0.69453125 0.64921875 0.096875 0.240625
11 0.8765625 0.6921875 0.040625 0.3078125
11 0.95078125 0.5765625 0.05625 0.153125
11 0.9390625 0.22578125 0.05 0.221875
11 0.83046875 0.3796875 0.0265625 0.1828125
11 0.76875 0.21171875 0.034375 0.134375
11 0.43359375 0.375 0.0328125 0.1546875
11 0.415625 0.08203125 0.0390625 0.1640625
11 0.57890625 0.35078125 0.0453125 0.1453125
11 0.61015625 0.15859375 0.04375 0.221875