11 0.29375 0.64296875 0.1390625 0.0640625
11 0.33828125 0.71484375 0.1015625 0.0609375
11 0.18046875 0.5359375 0.2359375 0.0796875
11 0.471875 0.69375 0.1421875 0.0875
11 0.43984375 0.4609375 0.1671875 0.140625
11 0.725 0.38125 0.1375 0.109375
11 0.6875 0.49609375 0.146875 0.1125
11 0.88203125 0.4328125 0.196875 0.115625
11 0.80078125 0.6375 0.2953125 0.0875
11 0.17421875 0.61953125 0.0890625 0.0640625
11 0.159375 0.715625 0.18125 0.0625
11 0.05546875 0.65078125 0.0515625 0.040625
11 0.74765625 0.57890625 0.0703125 0.05625
11 0.0640625 0.40625 0.0546875 0.04375
11 0.40546875 0.39609375 0.075 0.0609375
11 0.51953125 0.3625 0.084375 0.0328125
11 0.96640625 0.58671875 0.065625 0.090625
11 0.56875 0.66796875 0.0515625 0.06875
11 0.5421875 0.55703125 0.05625 0.040625