11 0.19140625 0.2796875 0.0890625 0.1046875
11 0.196875 0.3953125 0.1109375 0.09375
11 0.13203125 0.5546875 0.140625 0.18125
11 0.340625 0.475 0.0828125 0.1828125
11 0.51328125 0.41484375 0.1109375 0.15625
11 0.4375 0.15 0.071875 0.0859375
11 0.30546875 0.06015625 0.071875 0.096875
11 0.75703125 0.12890625 0.1 0.1390625
11 0.6671875 0.27265625 0.0546875 0.1015625
11 0.709375 0.4078125 0.0546875 0.0890625
11 0.50859375 0.64453125 0.1046875 0.1203125
11 0.5078125 0.81171875 0.08125 0.1078125
11 0.31796875 0.8359375 0.0828125 0.1828125
11 0.1984375 0.72421875 0.084375 0.1140625
11 0.17421875 0.91171875 0.0390625 0.0765625
11 0.88359375 0.3625 0.0734375 0.1140625
11 0.91640625 0.175 0.040625 0.0875
11 0.79921875 0.6359375 0.1109375 0.15625
11 0.77109375 0.8359375 0.1265625 0.18125
11 0.61875 0.76171875 0.084375 0.11875
11 0.81171875 0.5078125 0.08125 0.1140625
11 0.5328125 0.15390625 0.053125 0.078125
11 0.89375 0.05546875 0.0515625 0.05