11 0.30390625 0.65703125 0.14375 0.0734375
11 0.35390625 0.72578125 0.10625 0.0671875
11 0.18359375 0.5578125 0.240625 0.0953125
11 0.48515625 0.6953125 0.1484375 0.096875
11 0.4375 0.46484375 0.1765625 0.1515625
11 0.71640625 0.365625 0.1453125 0.11875
11 0.68671875 0.4828125 0.1546875 0.121875
11 0.8765625 0.40625 0.2046875 0.1296875
11 0.809375 0.61640625 0.3 0.1078125
11 0.18359375 0.6421875 0.09375 0.0703125
11 0.175 0.7390625 0.1859375 0.075
11 0.0671875 0.68125 0.0546875 0.04375
11 0.75234375 0.56171875 0.0734375 0.0609375
11 0.05859375 0.43671875 0.0578125 0.046875
11 0.3984375 0.403125 0.0796875 0.065625
11 0.51015625 0.36171875 0.0859375 0.0390625
11 0.9671875 0.55390625 0.065625 0.0953125
11 0.58046875 0.6625 0.05625 0.071875
11 0.54609375 0.55390625 0.059375 0.04375