11 0.0703125 0.05390625 0.0625 0.1078125
11 0.140625 0.3375 0.0515625 0.115625
11 0.140625 0.59375 0.075 0.128125
11 0.19921875 0.5578125 0.059375 0.1203125
11 0.3171875 0.18828125 0.0671875 0.1171875
11 0.3703125 0.1890625 0.0546875 0.1
11 0.42890625 0.21875 0.0625 0.1359375
11 0.53046875 0.66015625 0.065625 0.071875
11 0.48203125 0.74921875 0.0390625 0.078125
11 0.38671875 0.096875 0.053125 0.09375
11 0.4796875 0.434375 0.078125 0.08125
11 0.55234375 0.25 0.0671875 0.1171875
11 0.459375 0.0328125 0.0375 0.065625
11 0.6203125 0.2296875 0.053125 0.1296875
11 0.590625 0.1609375 0.0421875 0.08125
11 0.71171875 0.2390625 0.065625 0.1359375
11 0.67734375 0.39765625 0.0765625 0.1578125
11 0.6375 0.54765625 0.05625 0.11875
11 0.78046875 0.13203125 0.0734375 0.13125
11 0.82890625 0.296875 0.0640625 0.0875
11 0.915625 0.2609375 0.05 0.1046875
11 0.84375 0.415625 0.15625 0.14375
11 0.83046875 0.6 0.096875 0.140625
11 0.659375 0.81484375 0.10625 0.09375
11 0.8125 0.82109375 0.0734375 0.1359375
11 0.9765625 0.37109375 0.046875 0.0734375
11 0.85234375 0.88828125 0.0578125 0.1046875
11 0.97265625 0.67265625 0.0359375 0.1140625
11 0.2671875 0.7046875 0.109375 0.0921875