11 0.1984375 0.2015625 0.0703125 0.078125
11 0.52265625 0.1921875 0.0796875 0.071875
11 0.1796875 0.49921875 0.1 0.065625
11 0.25078125 0.65 0.1046875 0.071875
11 0.4015625 0.75625 0.1484375 0.0875
11 0.5203125 0.65625 0.171875 0.1125
11 0.62421875 0.590625 0.1 0.084375
11 0.9265625 0.6515625 0.0734375 0.08125
11 0.36796875 0.29609375 0.1046875 0.05
11 0.6390625 0.3671875 0.10625 0.08125
11 0.7296875 0.83359375 0.0921875 0.0515625
11 0.76875 0.3203125 0.0515625 0.0453125
11 0.475 0.2375 0.0484375 0.03125
11 0.365625 0.140625 0.071875 0.03125
11 0.85 0.4171875 0.06875 0.0296875
11 0.2734375 0.8203125 0.0765625 0.0359375
11 0.0328125 0.67265625 0.065625 0.0421875