11 0.05078125 0.40703125 0.0171875 0.0328125
11 0.0765625 0.33515625 0.015625 0.03125
11 0.06953125 0.2859375 0.0140625 0.03125
11 0.10390625 0.25078125 0.0109375 0.021875
11 0.271875 0.42578125 0.025 0.0375
11 0.11015625 0.84609375 0.0390625 0.0265625
11 0.22890625 0.80859375 0.0390625 0.0265625
11 0.16875 0.8421875 0.015625 0.01875
11 0.16796875 0.7296875 0.0203125 0.0328125
11 0.20625 0.6015625 0.009375 0.03125
11 0.2703125 0.79609375 0.028125 0.0203125
11 0.29140625 0.715625 0.0328125 0.0234375
11 0.334375 0.8 0.01875 0.01875
11 0.31484375 0.77890625 0.0234375 0.0140625
11 0.34765625 0.7703125 0.0265625 0.015625
11 0.20546875 0.7671875 0.0203125 0.01875
11 0.365625 0.7625 0.015625 0.01875
11 0.27890625 0.81328125 0.0140625 0.021875
11 0.3375 0.690625 0.025 0.03125
11 0.2671875 0.975 0.0125 0.0265625
11 0.284375 0.85078125 0.009375 0.021875
11 0.13671875 0.7625 0.0109375 0.0234375
11 0.03046875 0.4859375 0.0234375 0.0359375
11 0.26640625 0.94609375 0.0140625 0.028125
11 0.28828125 0.90703125 0.0109375 0.0171875
11 0.4203125 0.74140625 0.028125 0.01875
11 0.48203125 0.57890625 0.0203125 0.0140625
11 0.47109375 0.6046875 0.0171875 0.01875
11 0.4046875 0.94609375 0.025 0.0234375
11 0.46328125 0.7328125 0.0234375 0.0203125
11 0.50625 0.728125 0.034375 0.0359375
11 0.5734375 0.70625 0.025 0.0328125
11 0.6125 0.6953125 0.025 0.0265625
11 0.6453125 0.71171875 0.025 0.0265625
11 0.44453125 0.91640625 0.0359375 0.0265625
11 0.3390625 0.28203125 0.025 0.028125
11 0.5515625 0.52578125 0.05625 0.04375
11 0.603125 0.71875 0.025 0.03125
11 0.50546875 0.85859375 0.0296875 0.028125
11 0.46953125 0.44140625 0.0265625 0.040625