11 0.52109375 0.22421875 0.0640625 0.09375
11 0.5421875 0.3765625 0.0734375 0.0984375
11 0.4296875 0.5984375 0.0625 0.0890625
11 0.6078125 0.53515625 0.06875 0.090625
11 0.65390625 0.2125 0.0578125 0.040625
11 0.4703125 0.809375 0.0921875 0.1421875
11 0.42734375 0.89765625 0.0703125 0.078125
11 0.59296875 0.8609375 0.0671875 0.078125
11 0.54609375 0.9375 0.059375 0.0984375
11 0.60703125 0.640625 0.0703125 0.078125
11 0.63515625 0.68984375 0.0390625 0.0625
11 0.60625 0.725 0.0453125 0.046875
11 0.6671875 0.71796875 0.0359375 0.065625
11 0.5125 0.1453125 0.0640625 0.0578125
11 0.6546875 0.32734375 0.06875 0.0640625
11 0.71953125 0.371875 0.0390625 0.0609375
11 0.74375 0.3921875 0.03125 0.1359375
11 0.72265625 0.15546875 0.034375 0.0484375
11 0.58828125 0.0234375 0.04375 0.0375
11 0.69921875 0.08515625 0.0453125 0.0671875
11 0.7609375 0.08984375 0.0375 0.040625
11 0.8 0.0578125 0.015625 0.021875
11 0.6703125 0.51484375 0.05625 0.078125
11 0.675 0.57421875 0.0484375 0.065625
11 0.2921875 0.95625 0.040625 0.0421875