11 0.434375 0.42890625 0.2 0.2
11 0.315625 0.64609375 0.171875 0.1390625
11 0.1828125 0.6265625 0.1109375 0.1171875
11 0.690625 0.25234375 0.1515625 0.159375
11 0.6671875 0.4140625 0.175 0.128125
11 0.85078125 0.309375 0.225 0.1640625
11 0.034375 0.39765625 0.06875 0.075
11 0.19609375 0.76015625 0.196875 0.1078125
11 0.48984375 0.69609375 0.16875 0.13125
11 0.740625 0.484375 0.1078125 0.1015625
11 0.48046875 0.2609375 0.09375 0.0671875
11 0.86953125 0.51640625 0.1859375 0.1265625
11 0.73359375 0.5984375 0.140625 0.103125
11 0.9578125 0.5015625 0.084375 0.203125
11 0.5953125 0.6421875 0.0609375 0.096875
11 0.1859375 0.525 0.225 0.1171875
11 0.3734375 0.321875 0.0953125 0.10625