11 0.18359375 0.290625 0.0859375 0.1015625
11 0.19375 0.40546875 0.1078125 0.0890625
11 0.134375 0.56796875 0.134375 0.178125
11 0.33984375 0.48046875 0.0765625 0.18125
11 0.51015625 0.4140625 0.1046875 0.153125
11 0.425 0.15234375 0.06875 0.0828125
11 0.28984375 0.0671875 0.06875 0.09375
11 0.74375 0.1203125 0.0953125 0.1359375
11 0.659375 0.2671875 0.0515625 0.1
11 0.70625 0.40078125 0.0515625 0.0875
11 0.5140625 0.64453125 0.1015625 0.1171875
11 0.51875 0.8109375 0.078125 0.10625
11 0.33046875 0.8421875 0.0765625 0.18125
11 0.20625 0.734375 0.0796875 0.1125
11 0.1890625 0.92265625 0.0375 0.0765625
11 0.87890625 0.34921875 0.06875 0.1109375
11 0.9046875 0.1609375 0.0375 0.0875
11 0.80390625 0.62578125 0.1046875 0.153125
11 0.7828125 0.8265625 0.1203125 0.1765625
11 0.628125 0.7578125 0.08125 0.1171875
11 0.81171875 0.496875 0.0765625 0.1125
11 0.52109375 0.153125 0.0515625 0.0765625
11 0.878125 0.0421875 0.05 0.0484375