11 0.06328125 0.3609375 0.0203125 0.034375
11 0.09609375 0.2921875 0.01875 0.0328125
11 0.09453125 0.2421875 0.0171875 0.0328125
11 0.13203125 0.2109375 0.0125 0.0234375
11 0.28125 0.40234375 0.028125 0.040625
11 0.07578125 0.803125 0.0421875 0.03125
11 0.1984375 0.77890625 0.0421875 0.03125
11 0.13515625 0.80546875 0.0171875 0.0203125
11 0.14609375 0.69375 0.0234375 0.034375
11 0.196875 0.5703125 0.0125 0.0328125
11 0.240625 0.7703125 0.0296875 0.0234375
11 0.2703125 0.69296875 0.034375 0.0265625
11 0.30390625 0.78125 0.0203125 0.0203125
11 0.28671875 0.7578125 0.025 0.0171875
11 0.3203125 0.753125 0.028125 0.01875
11 0.17890625 0.73515625 0.021875 0.0203125
11 0.3390625 0.746875 0.0171875 0.0203125
11 0.24765625 0.78828125 0.015625 0.0234375
11 0.31875 0.67265625 0.028125 0.034375
11 0.21875 0.9484375 0.015625 0.028125
11 0.24921875 0.8265625 0.0109375 0.0234375
11 0.1109375 0.7234375 0.0140625 0.025
11 0.034375 0.43671875 0.0265625 0.0375
11 0.22109375 0.91953125 0.0171875 0.0296875
11 0.246875 0.8828125 0.0125 0.01875
11 0.3953125 0.73203125 0.0296875 0.021875
11 0.47421875 0.5765625 0.021875 0.015625
11 0.46015625 0.60078125 0.01875 0.0203125
11 0.35859375 0.93359375 0.0265625 0.0265625
11 0.4390625 0.72734375 0.025 0.021875
11 0.48203125 0.72734375 0.0375 0.0390625
11 0.5515625 0.7125 0.028125 0.0359375
11 0.59140625 0.70625 0.028125 0.0296875
11 0.62265625 0.72578125 0.028125 0.0296875
11 0.4015625 0.90859375 0.0390625 0.0296875
11 0.3625 0.26640625 0.028125 0.03125
11 0.5484375 0.53125 0.0609375 0.05
11 0.5796875 0.728125 0.028125 0.034375
11 0.46796875 0.85703125 0.0328125 0.03125
11 0.47578125 0.43828125 0.03125 0.04375