11 0.07109375 0.13125 0.065625 0.059375
11 0.05703125 0.828125 0.1140625 0.20625
11 0.175 0.71171875 0.065625 0.1640625
11 0.22265625 0.71796875 0.0609375 0.14375
11 0.371875 0.13515625 0.0796875 0.1453125
11 0.53125 0.1390625 0.0953125 0.1375
11 0.6921875 0.1265625 0.0734375 0.15625
11 0.253125 0.86640625 0.05625 0.090625
11 0.17109375 0.91015625 0.115625 0.0984375
11 0.5953125 0.8015625 0.1734375 0.1671875
11 0.421875 0.6890625 0.0609375 0.1015625
11 0.35625 0.68046875 0.059375 0.1421875
11 0.3296875 0.76328125 0.0671875 0.103125
11 0.86328125 0.27734375 0.078125 0.134375
11 0.790625 0.17109375 0.053125 0.090625
11 0.26328125 0.0328125 0.0484375 0.065625
11 0.7484375 0.84140625 0.1796875 0.1890625
11 0.1515625 0.23203125 0.078125 0.09375
11 0.4078125 0.8640625 0.046875 0.0890625