11 0.1234375 0.46953125 0.0625 0.134375
11 0.2359375 0.43125 0.0875 0.1140625
11 0.359375 0.2421875 0.1078125 0.2
11 0.2625 0.7875 0.2203125 0.13125
11 0.40859375 0.54453125 0.13125 0.1703125
11 0.49765625 0.309375 0.078125 0.209375
11 0.56796875 0.209375 0.0484375 0.1328125
11 0.66484375 0.31875 0.121875 0.125
11 0.8421875 0.284375 0.165625 0.1703125
11 0.57421875 0.91796875 0.1984375 0.140625
11 0.0359375 0.89921875 0.071875 0.1359375
11 0.559375 0.709375 0.1328125 0.1359375
11 0.59765625 0.603125 0.059375 0.15625
11 0.83359375 0.47890625 0.06875 0.1015625
11 0.82578125 0.70703125 0.046875 0.1
11 0.88359375 0.6234375 0.05 0.1
11 0.9890625 0.31953125 0.021875 0.1328125
11 0.97578125 0.5140625 0.0421875 0.1328125
11 0.96015625 0.9 0.0375 0.121875
11 0.97734375 0.0734375 0.03125 0.0765625