11 0.15078125 0.2578125 0.0671875 0.0765625
11 0.46875 0.19296875 0.078125 0.06875
11 0.184375 0.5546875 0.0984375 0.0625
11 0.28046875 0.690625 0.103125 0.06875
11 0.44765625 0.76953125 0.146875 0.0828125
11 0.54765625 0.65 0.16875 0.10625
11 0.6375 0.56796875 0.096875 0.08125
11 0.94609375 0.575 0.0703125 0.0796875
11 0.33515625 0.321875 0.1046875 0.0453125
11 0.61328125 0.34453125 0.1046875 0.078125
11 0.784375 0.7890625 0.090625 0.0484375
11 0.73359375 0.27578125 0.05 0.04375
11 0.4296875 0.2453125 0.046875 0.0296875
11 0.30546875 0.16875 0.071875 0.028125
11 0.8296875 0.3578125 0.06875 0.028125
11 0.33203125 0.8546875 0.075 0.0328125
11 0.06484375 0.75234375 0.0734375 0.0390625