11 0.0375 0.15078125 0.075 0.1984375
11 0.1296875 0.6375 0.0546875 0.1671875
11 0.07890625 0.86171875 0.10625 0.2578125
11 0.35 0.8625 0.1203125 0.175
11 0.13046875 0.153125 0.0625 0.09375
11 0.209375 0.25 0.08125 0.1703125
11 0.21328125 0.7046875 0.053125 0.2234375
11 0.43359375 0.6390625 0.0640625 0.2046875
11 0.321875 0.15859375 0.0390625 0.1265625
11 0.56796875 0.74375 0.1 0.125
11 0.459375 0.19453125 0.0421875 0.1359375
11 0.6234375 0.0828125 0.059375 0.165625
11 0.715625 0.8265625 0.1046875 0.134375
11 0.7109375 0.62421875 0.125 0.25
11 0.896875 0.64453125 0.078125 0.3109375
11 0.95703125 0.52109375 0.075 0.159375
11 0.90234375 0.17421875 0.0765625 0.2265625
11 0.81328125 0.340625 0.0484375 0.184375
11 0.73125 0.18125 0.05 0.1375
11 0.41875 0.384375 0.0515625 0.1578125
11 0.365625 0.0953125 0.059375 0.1671875
11 0.56015625 0.3421875 0.0625 0.15
11 0.56796875 0.14765625 0.0703125 0.225