11 0.02578125 0.11015625 0.0390625 0.0296875
11 0.0203125 0.23984375 0.040625 0.0546875
11 0.1359375 0.403125 0.06875 0.115625
11 0.13203125 0.54453125 0.0609375 0.0640625
11 0.12265625 0.6953125 0.0640625 0.1078125
11 0.10859375 0.1875 0.0421875 0.0609375
11 0.3703125 0.1984375 0.040625 0.0640625
11 0.37265625 0.4390625 0.0671875 0.0734375
11 0.45078125 0.39453125 0.0421875 0.0734375
11 0.4796875 0.2671875 0.040625 0.0609375
11 0.2234375 0.75546875 0.065625 0.040625
11 0.3765625 0.5796875 0.040625 0.034375
11 0.50546875 0.5828125 0.0515625 0.0609375
11 0.48203125 0.1640625 0.0453125 0.0828125
11 0.5125 0.11015625 0.053125 0.059375
11 0.67734375 0.0796875 0.0515625 0.0953125
11 0.62421875 0.37421875 0.0390625 0.05
11 0.5328125 0.22265625 0.0625 0.0578125
11 0.36484375 0.9453125 0.0578125 0.0609375
11 0.65546875 0.64921875 0.0453125 0.0359375
11 0.875 0.4625 0.059375 0.0546875
11 0.5296875 0.8015625 0.053125 0.0421875
11 0.58125 0.80546875 0.040625 0.0515625
11 0.97734375 0.3296875 0.0421875 0.090625
11 0.86015625 0.97421875 0.0609375 0.0328125
11 0.88203125 0.88671875 0.0484375 0.0546875
11 0.43671875 0.75546875 0.0484375 0.0390625
11 0.28671875 0.73671875 0.0265625 0.028125