11 0.19609375 0.06015625 0.040625 0.0890625
11 0.3140625 0.01953125 0.0515625 0.0390625
11 0.35078125 0.06015625 0.0625 0.0734375
11 0.2734375 0.12578125 0.0625 0.0890625
11 0.45078125 0.03671875 0.0578125 0.0734375
11 0.59296875 0.08671875 0.0828125 0.096875
11 0.5515625 0.2953125 0.103125 0.11875
11 0.353125 0.38203125 0.0875 0.078125
11 0.29921875 0.48828125 0.040625 0.065625
11 0.1671875 0.4984375 0.0671875 0.09375
11 0.45625 0.4828125 0.0578125 0.1078125
11 0.396875 0.44609375 0.0421875 0.05
11 0.70625 0.271875 0.0421875 0.11875
11 0.63671875 0.565625 0.078125 0.1125
11 0.30390625 0.63125 0.0421875 0.0734375
11 0.39140625 0.72421875 0.0625 0.096875
11 0.5203125 0.70234375 0.0515625 0.0625
11 0.29375 0.8046875 0.0625 0.1046875
11 0.53125 0.85546875 0.0828125 0.0890625