11 0.2265625 0.04296875 0.046875 0.0859375
11 0.34765625 0.0140625 0.0546875 0.028125
11 0.38203125 0.05078125 0.0671875 0.078125
11 0.3 0.1109375 0.06875 0.09375
11 0.4828125 0.0359375 0.0625 0.071875
11 0.621875 0.09453125 0.0890625 0.103125
11 0.565625 0.29921875 0.1109375 0.125
11 0.36171875 0.371875 0.0921875 0.084375
11 0.30078125 0.47421875 0.0453125 0.06875
11 0.16796875 0.475 0.0734375 0.0984375
11 0.4578125 0.4796875 0.065625 0.1109375
11 0.40078125 0.4390625 0.0453125 0.053125
11 0.721875 0.28671875 0.05 0.121875
11 0.63203125 0.575 0.0859375 0.1171875
11 0.2953125 0.6171875 0.046875 0.0765625
11 0.37578125 0.71640625 0.06875 0.1015625
11 0.50625 0.703125 0.05625 0.065625
11 0.27265625 0.78984375 0.0703125 0.109375
11 0.50625 0.85703125 0.0890625 0.0953125