11 0.046875 0.16171875 0.0625 0.05625
11 0.00625 0.771875 0.0125 0.171875
11 0.065625 0.86015625 0.13125 0.1984375
11 0.190625 0.734375 0.0546875 0.1609375
11 0.2390625 0.73671875 0.0515625 0.140625
11 0.34609375 0.1453125 0.0703125 0.1421875
11 0.50546875 0.13828125 0.0859375 0.1328125
11 0.665625 0.1140625 0.0640625 0.153125
11 0.2796875 0.8828125 0.0515625 0.0875
11 0.20078125 0.93203125 0.1109375 0.090625
11 0.61640625 0.79375 0.1640625 0.1578125
11 0.43515625 0.69375 0.0546875 0.1
11 0.36953125 0.690625 0.05 0.1390625
11 0.3484375 0.77421875 0.0609375 0.1
11 0.846875 0.25234375 0.06875 0.13125
11 0.7671875 0.1515625 0.0484375 0.0875
11 0.23046875 0.04375 0.0421875 0.0765625
11 0.771875 0.8234375 0.16875 0.178125
11 0.134375 0.25703125 0.0734375 0.0890625
11 0.43359375 0.86953125 0.040625 0.0875