11 0.20390625 0.0546875 0.0421875 0.0890625
11 0.32265625 0.01796875 0.0515625 0.0359375
11 0.35859375 0.0578125 0.0640625 0.075
11 0.2796875 0.121875 0.0640625 0.090625
11 0.4578125 0.03671875 0.059375 0.0734375
11 0.6 0.08828125 0.084375 0.0984375
11 0.55546875 0.29609375 0.1046875 0.1203125
11 0.35546875 0.3796875 0.0890625 0.0796875
11 0.29921875 0.48515625 0.0421875 0.065625
11 0.1671875 0.49296875 0.06875 0.0953125
11 0.45625 0.48203125 0.059375 0.109375
11 0.39765625 0.44453125 0.04375 0.05
11 0.71015625 0.27578125 0.04375 0.11875
11 0.6359375 0.56796875 0.0796875 0.1140625
11 0.3015625 0.628125 0.04375 0.0734375
11 0.3875 0.72265625 0.0640625 0.0984375
11 0.51640625 0.70234375 0.053125 0.0640625
11 0.28828125 0.80078125 0.0640625 0.10625
11 0.525 0.85625 0.084375 0.090625