11 0.1515625 0.06484375 0.1 0.1296875
11 0.10546875 0.5234375 0.0625 0.1671875
11 0.02578125 0.721875 0.0515625 0.259375
11 0.25078125 0.80234375 0.128125 0.1796875
11 0.2484375 0.0609375 0.065625 0.0953125
11 0.2953125 0.17578125 0.0890625 0.171875
11 0.16640625 0.61171875 0.0640625 0.2234375
11 0.39609375 0.61328125 0.0734375 0.2046875
11 0.4296875 0.12109375 0.0453125 0.1265625
11 0.49375 0.75234375 0.1046875 0.128125
11 0.55 0.19609375 0.05 0.1375
11 0.74140625 0.1328125 0.06875 0.178125
11 0.6109375 0.87578125 0.1109375 0.1390625
11 0.665625 0.68046875 0.1375 0.253125
11 0.8375 0.7546875 0.09375 0.3109375
11 0.93046875 0.65390625 0.08125 0.1609375
11 0.96796875 0.30546875 0.0640625 0.2265625
11 0.84609375 0.4390625 0.0578125 0.184375
11 0.81484375 0.2625 0.0578125 0.1390625
11 0.45625 0.365625 0.059375 0.1578125
11 0.48984375 0.07890625 0.0671875 0.1578125
11 0.60390625 0.36640625 0.0703125 0.1515625
11 0.66796875 0.1828125 0.08125 0.2265625