11 0.02265625 0.09453125 0.0453125 0.1359375
11 0.1234375 0.3828125 0.0453125 0.1140625
11 0.1546875 0.6375 0.06875 0.125
11 0.20859375 0.59375 0.0546875 0.1171875
11 0.28046875 0.21328125 0.0609375 0.1140625
11 0.33359375 0.20703125 0.05 0.0984375
11 0.3953125 0.22890625 0.05625 0.1328125
11 0.55 0.65546875 0.0609375 0.06875
11 0.5125 0.75 0.0359375 0.0765625
11 0.3390625 0.1140625 0.0484375 0.0921875
11 0.471875 0.4375 0.075 0.078125
11 0.521875 0.2453125 0.0609375 0.1140625
11 0.40234375 0.03828125 0.034375 0.071875
11 0.5859375 0.2171875 0.046875 0.128125
11 0.54921875 0.153125 0.0390625 0.0796875
11 0.678125 0.215625 0.059375 0.1328125
11 0.6640625 0.37734375 0.06875 0.1546875
11 0.6421875 0.53046875 0.0515625 0.1171875
11 0.73359375 0.1 0.0671875 0.128125
11 0.8015625 0.2578125 0.0609375 0.084375
11 0.8828125 0.2125 0.04375 0.103125
11 0.83125 0.37421875 0.15 0.1359375
11 0.840625 0.559375 0.090625 0.1375
11 0.69609375 0.79296875 0.1015625 0.0890625
11 0.84921875 0.78125 0.0671875 0.1328125
11 0.95859375 0.3140625 0.0453125 0.071875
11 0.89765625 0.84296875 0.0515625 0.103125
11 0.98671875 0.61328125 0.0265625 0.1140625
11 0.29375 0.73125 0.10625 0.0859375