11 0.128125 0.43671875 0.0734375 0.1375
11 0.24296875 0.40859375 0.0953125 0.1203125
11 0.38203125 0.23125 0.125 0.2078125
11 0.23828125 0.765625 0.228125 0.1484375
11 0.4046875 0.53671875 0.1453125 0.1796875
11 0.5140625 0.31015625 0.0953125 0.2140625
11 0.59296875 0.21640625 0.059375 0.1359375
11 0.68046875 0.33359375 0.13125 0.134375
11 0.859375 0.31484375 0.178125 0.1828125
11 0.53671875 0.921875 0.2078125 0.15625
11 0.021875 0.85703125 0.04375 0.1421875
11 0.540625 0.7140625 0.14375 0.1453125
11 0.58828125 0.6109375 0.071875 0.159375
11 0.834375 0.50859375 0.0765625 0.10625
11 0.80625 0.734375 0.05625 0.103125
11 0.871875 0.65625 0.0578125 0.103125
11 0.99296875 0.36328125 0.0140625 0.1328125
11 0.97265625 0.55546875 0.053125 0.134375
11 0.9234375 0.93828125 0.0484375 0.1234375