11 0.06875 0.0625 0.0421875 0.034375
11 0.05 0.19140625 0.046875 0.059375
11 0.1484375 0.365625 0.0796875 0.121875
11 0.1296875 0.50546875 0.0671875 0.0703125
11 0.1046875 0.6546875 0.075 0.1140625
11 0.14375 0.1484375 0.0484375 0.065625
11 0.40234375 0.18671875 0.046875 0.0671875
11 0.3796875 0.42578125 0.075 0.0796875
11 0.46171875 0.38984375 0.05 0.078125
11 0.50390625 0.26640625 0.046875 0.065625
11 0.1984375 0.725 0.06875 0.046875
11 0.36875 0.56640625 0.04375 0.0390625
11 0.496875 0.5828125 0.0578125 0.065625
11 0.5171875 0.1640625 0.053125 0.0875
11 0.553125 0.11328125 0.059375 0.0640625
11 0.7203125 0.10078125 0.0609375 0.1
11 0.63671875 0.38828125 0.04375 0.053125
11 0.56171875 0.22734375 0.06875 0.0640625
11 0.31875 0.92890625 0.0640625 0.0671875
11 0.6390625 0.66484375 0.0484375 0.040625
11 0.8765625 0.5015625 0.0640625 0.0609375
11 0.49765625 0.803125 0.0578125 0.046875
11 0.54921875 0.8125 0.0453125 0.05625
11 0.9828125 0.38046875 0.034375 0.0953125
11 0.80859375 0.99453125 0.0640625 0.0109375
11 0.83984375 0.92421875 0.053125 0.059375
11 0.41015625 0.74765625 0.0515625 0.04375
11 0.26328125 0.71328125 0.0296875 0.03125