11 0.3015625 0.65390625 0.1421875 0.071875
11 0.35 0.72265625 0.1046875 0.065625
11 0.1828125 0.55234375 0.2390625 0.0921875
11 0.48203125 0.6953125 0.146875 0.0953125
11 0.4375 0.4640625 0.175 0.1484375
11 0.71875 0.36953125 0.14375 0.1171875
11 0.68671875 0.4859375 0.153125 0.1203125
11 0.878125 0.41328125 0.203125 0.125
11 0.8078125 0.621875 0.3 0.103125
11 0.18125 0.63671875 0.0921875 0.06875
11 0.17109375 0.7328125 0.184375 0.071875
11 0.0640625 0.67421875 0.053125 0.04375
11 0.7515625 0.565625 0.0734375 0.059375
11 0.059375 0.42890625 0.05625 0.046875
11 0.4 0.4015625 0.078125 0.0640625
11 0.5125 0.36171875 0.0859375 0.0375
11 0.9671875 0.5625 0.065625 0.09375
11 0.57734375 0.6640625 0.0546875 0.071875
11 0.5453125 0.5546875 0.0578125 0.04375