11 0.23515625 0.040625 0.0484375 0.08125
11 0.35703125 0.01328125 0.0546875 0.0265625
11 0.38984375 0.0484375 0.06875 0.078125
11 0.30703125 0.1078125 0.0703125 0.09375
11 0.49140625 0.03671875 0.0640625 0.0734375
11 0.62890625 0.09609375 0.090625 0.103125
11 0.56953125 0.30078125 0.1125 0.1265625
11 0.3640625 0.36953125 0.09375 0.0859375
11 0.30078125 0.47109375 0.046875 0.06875
11 0.16875 0.46953125 0.075 0.1
11 0.4578125 0.47890625 0.0671875 0.1125
11 0.40234375 0.4375 0.046875 0.053125
11 0.725 0.290625 0.053125 0.121875
11 0.63046875 0.57734375 0.0875 0.11875
11 0.29296875 0.61328125 0.0484375 0.0765625
11 0.37265625 0.7140625 0.0703125 0.1015625
11 0.50234375 0.703125 0.05625 0.0671875
11 0.26796875 0.7859375 0.071875 0.109375
11 0.5 0.85703125 0.090625 0.0953125